CI 6 256 0 18
CI 6 512 0 39
CO 9 1 0 0 0
CI 4 142 2594 2
CO 4 131 0 0 2
CI 12 142 32 1
CI 4 142 290 2
CO 4 131 0 2 2
CI 12 142 32 1
CI 4 142 1570 2
CI 4 142 1570 2
CO 4 131 0 4 2
CI 12 142 32 1
CI 4 142 13858 2
CO 4 131 0 6 2
CI 12 142 32 1
CI 4 142 13090 2
CO 4 131 0 8 2
CI 12 142 32 1
CI 4 142 13602 2
CO 4 131 0 10 2
CI 12 142 32 1
CI 4 142 12834 2
CO 4 131 0 12 2
CI 12 142 32 1
CI 4 142 13858 2
CO 4 131 0 14 2
CI 12 142 32 1
CI 4 142 13090 2
CO 4 131 0 16 2
CI 12 142 32 1
CI 4 142 13602 2
CO 4 131 0 18 2
CI 12 142 32 1
CI 4 142 12834 2
CO 4 131 0 20 2
CI 12 142 32 1
CI 4 142 13602 2
CO 4 131 0 22 2
CI 12 142 32 1
CI 4 142 12834 2
CO 4 131 0 24 2
CI 12 142 32 1
CI 4 142 13602 2
CO 4 131 0 26 2
CI 12 142 32 1
CI 4 142 12834 2
CO 4 131 0 28 2
CI 12 142 32 1
CI 4 142 2850 2
CO 4 131 0 30 2
CI 12 142 32 1
CI 4 142 4898 2
CO 4 131 0 32 2
CI 12 142 32 1
CI 4 142 5410 2
CO 4 131 0 34 2
CI 12 142 32 1
CI 4 142 2850 2
CO 4 131 0 36 2
CI 12 142 32 1
CI 4 142 546 2
CO 4 131 0 38 2
CI 12 142 32 1
CI 4 142 5410 2
CO 4 131 0 40 2
CI 12 142 32 1
CI 4 142 5410 2
CO 4 131 0 42 2
CI 12 142 32 1
CI 4 142 14370 2
CO 4 131 0 44 2
CI 12 142 32 1
CI 4 142 2594 2
CO 4 131 0 46 2
CI 12 142 32 1
CI 4 132 57888 4
CO 12 131 57440 48 1
CO 4 131 57632 49 4
CO 12 131 57344 53 1
CO 12 140 21 54 1
CI 12 142 32 1
CI 4 142 1570 2
CO 12 140 21 55 1
CI 12 142 32 1
CO 4 131 0 56 6
CI 12 142 32 1
CO 4 131 0 62 6
CI 12 142 32 1
CI 4 142 802 2
CO 4 131 0 68 2
CI 12 142 32 1
CI 4 398 290 2
CI 4 398 34 2
CI 4 142 1314 2
CO 4 131 0 70 2
CI 12 142 32 1
CO 4 131 0 72 20
CI 12 142 32 1
CO 4 131 0 92 6
CI 12 142 32 1
CO 4 131 0 98 2
CI 12 142 32 1
CO 4 131 0 100 2
CI 12 142 32 1
CI 4 142 290 2
CO 4 131 0 102 2
CI 12 142 32 1
CO 4 131 0 104 2
CI 12 142 32 1
CI 4 142 7458 2
CO 4 131 0 106 2
CI 12 142 32 1
CI 4 142 546 2
CO 4 131 0 108 2
CI 12 142 32 1
CO 4 131 0 110 4
CI 12 142 32 1
CO 4 131 0 114 4
CI 12 142 32 1
CI 4 142 40994 2
CO 4 131 0 118 2
CI 12 142 32 1
CO 4 131 0 120 2
CI 12 142 32 1
CO 4 130 1 122 8
CI 12 142 32 1
BO 130 10
CO 4 131 0 140 4
CI 12 142 32 1
CO 4 130 1 144 8
CI 12 142 32 1
BO 152 10
CO 4 131 0 162 4
CI 12 142 32 1
CO 4 131 0 166 6
CI 12 142 32 1
CO 4 131 0 172 4
CI 12 142 32 1
CO 4 131 0 176 2
CI 12 142 32 1
CO 4 131 0 178 2
CI 12 142 32 1
CO 4 131 0 180 6
CI 12 142 32 1
CO 4 131 0 186 2
CI 12 142 32 1
CO 4 131 0 188 2
CI 12 142 32 1
CO 4 131 0 190 2
CI 12 142 32 1
CO 4 131 0 192 2
CI 12 142 32 1
CO 4 131 0 194 2
CI 12 142 32 1
CO 4 131 0 196 2
CI 12 142 32 1
CO 4 131 0 198 2
CI 12 142 32 1
CO 4 131 0 200 4
CI 12 142 32 1
CO 4 131 0 204 4
CI 12 142 32 1
CO 4 131 0 208 4
CI 12 142 32 1
CO 4 131 0 212 4
CI 12 142 32 1
CO 4 131 0 216 4
CI 12 142 32 1
CO 4 131 0 220 4
CI 12 142 32 1
CO 4 131 0 224 4
CI 12 142 32 1
CO 4 131 0 228 4
CI 12 142 32 1
CO 4 131 0 232 4
CI 12 142 32 1
CO 4 131 0 236 4
CI 12 142 32 1
CO 4 131 0 240 4
CI 12 142 32 1
CO 4 131 0 244 4
CI 12 142 32 1
CO 4 131 0 248 2
CI 12 142 32 1
CI 4 142 7202 2
CO 4 131 0 250 6
CI 12 142 32 1
CO 4 131 0 256 6
CI 12 142 32 1
CO 4 131 0 262 6
CI 12 142 32 1
CO 4 131 0 268 6
CI 12 142 32 1
CO 4 131 0 274 2
CI 12 142 32 1
CO 4 131 0 276 2
CI 12 142 32 1
CO 4 131 0 278 2
CI 12 142 32 1
CI 4 398 1570 2
CI 4 398 1826 2
CO 4 131 0 280 6
CI 12 142 32 1
CO 4 131 0 286 6
CI 12 142 32 1
CO 4 131 0 292 6
CI 12 142 32 1
CO 4 131 0 298 6
CI 12 142 32 1
CI 4 142 546 2
CO 4 131 0 304 2
CI 12 142 32 1
CI 4 142 290 2
CO 4 131 0 306 2
CI 12 142 32 1
CO 4 131 0 308 2
CI 12 142 32 1
CO 4 131 0 310 6
CI 12 142 32 1
CI 4 142 13858 2
CO 4 131 0 316 2
CI 12 142 32 1
CI 4 142 13090 2
CO 4 131 0 318 2
CI 12 142 32 1
CI 4 142 1314 2
CO 4 131 0 320 2
CI 12 142 32 1
CI 4 142 290 2
CO 4 131 0 322 2
CI 12 142 32 1
CI 4 142 2082 2
CO 4 131 0 324 2
CI 12 142 32 1
CI 4 142 7714 2
CO 4 131 0 326 2
CI 12 142 32 1
CI 4 142 7714 2
CO 4 131 0 328 2
CI 12 142 32 1
CI 4 142 7714 2
CO 4 131 0 330 2
CI 12 142 32 1
CI 4 142 6946 2
CO 4 131 0 332 2
CI 12 142 32 1
CI 4 142 290 2
CO 4 131 0 334 2
CI 12 142 32 1
CO 4 131 0 336 4
CI 12 142 32 1
CO 4 131 0 340 4
CI 12 142 32 1
CO 4 131 0 344 4
CI 12 142 32 1
CI 4 142 5922 2
CO 4 131 0 348 2
CI 12 142 32 1
CI 4 142 5410 2
CO 4 131 0 350 2
CI 12 142 32 1
CI 4 142 12322 2
CO 4 131 0 352 2
CI 12 142 32 1
CI 4 142 14370 2
CO 4 131 0 354 2
CI 12 142 32 1
CI 4 142 14370 2
CO 4 131 0 356 2
CI 12 142 32 1
CI 4 142 1570 2
CO 4 131 0 358 2
CI 12 142 32 1
CI 4 142 4898 2
CO 4 131 0 360 2
CI 12 142 32 1
CI 4 142 3106 2
CO 4 131 0 362 2
CI 12 142 32 1
CI 4 142 1058 2
CO 4 131 0 364 2
CI 12 142 32 1
CI 4 142 13858 2
CO 4 131 0 366 2
CI 12 142 32 1
CI 4 142 20258 2
CO 4 131 0 368 2
CI 12 142 32 1
CI 4 142 7714 2
CO 4 131 0 370 2
CI 12 142 32 1
CI 4 142 4898 2
CO 4 131 0 372 2
CI 12 142 32 1
CO 4 131 0 374 4
CI 12 142 32 1
CI 4 142 4642 2
CO 4 131 0 378 2
CI 12 142 32 1
CI 4 142 28706 2
CO 4 131 0 380 2
CI 12 142 32 1
CI 4 142 28962 2
CO 4 131 0 382 2
CI 12 142 32 1
CI 4 142 2082 2
CO 4 131 0 384 2
CI 12 142 32 1
CI 4 142 290 2
CO 4 131 0 386 2
CI 12 142 32 1
CO 4 131 0 388 2
CI 12 142 32 1
CO 4 131 0 390 2
CI 12 142 32 1
CO 4 131 0 392 4
CI 12 142 32 1
CI 4 142 1058 2
CO 4 131 0 396 2
CI 12 142 32 1
CI 4 142 3106 2
CO 4 131 0 398 2
CI 12 142 32 1
CO 4 131 0 400 2
CI 12 142 32 1
CO 4 131 0 402 4
CI 12 142 32 1
CI 4 142 8482 3
CI 4 142 7970 3
CO 4 131 0 406 4
CI 12 142 32 1
CO 4 131 0 410 6
CI 12 142 32 1
CO 4 131 0 416 6
CI 12 142 32 1
CO 4 131 0 422 2
CI 12 142 32 1
CI 4 142 13602 2
CO 4 131 0 424 2
CI 12 142 32 1
CI 4 142 13602 2
CO 4 131 0 426 2
CI 12 142 32 1
CI 4 142 12322 2
CO 4 131 0 428 2
CI 12 142 32 1
CI 4 142 12322 2
CO 4 131 0 430 2
CI 12 142 32 1
CI 4 142 15138 2
CO 4 131 0 432 2
CI 12 142 32 1
CI 4 142 15394 2
CO 4 131 0 434 2
CI 12 142 32 1
CI 4 142 15138 2
CO 4 131 0 436 2
CI 12 142 32 1
CI 4 142 15394 2
CO 4 131 0 438 2
CI 12 142 32 1
CI 4 142 15138 2
CO 4 131 0 440 2
CI 12 142 32 1
CI 4 142 15394 2
CO 4 131 0 442 2
CI 12 142 32 1
CI 4 142 23074 2
CO 4 131 0 444 2
CI 12 142 32 1
CI 4 142 23074 2
CO 4 131 0 446 2
CI 12 142 32 1
CI 4 142 23330 2
CO 4 131 0 448 2
CI 12 142 32 1
CI 4 142 23330 2
CO 4 131 0 450 2
CI 12 142 32 1
CO 4 131 0 452 2
CI 12 142 32 1
CO 4 131 0 454 2
CI 12 142 32 1
CO 4 131 0 456 2
CI 12 142 32 1
CO 4 131 0 458 2
CI 12 142 32 1
CI 4 142 6690 2
CO 4 131 0 460 2
CI 12 142 32 1
CO 4 131 0 462 2
CI 12 142 32 1
CO 4 131 0 464 2
CI 12 142 32 1
CO 4 131 0 466 2
CI 12 142 32 1
CO 4 131 0 468 2
CI 12 142 32 1
CO 4 131 0 470 2
CI 12 142 32 1
CO 4 131 0 472 2
CI 12 142 32 1
CI 4 142 24866 2
CO 4 131 0 474 2
CI 12 142 32 1
CI 4 142 24354 2
CO 4 131 0 476 2
CI 12 142 32 1
CI 4 142 24354 2
CO 4 131 0 478 2
CI 12 142 32 1
CO 4 131 0 480 6
CI 12 142 32 1
CO 4 131 0 486 6
CI 12 142 32 1
CO 4 131 0 492 6
CI 12 142 32 1
CI 4 142 2594 2
CO 4 131 0 498 2
CI 12 142 32 1
CO 4 131 0 500 2
CI 12 142 32 1
CI 4 142 24354 2
CO 4 131 0 502 2
CI 12 142 32 1
CI 4 142 14370 2
CO 4 131 0 504 2
CI 12 142 32 1
CI 4 142 14114 2
CO 4 131 0 506 2
CI 12 142 32 1
CO 4 131 0 508 2
CI 12 142 32 1
CI 4 142 290 2
CO 4 131 0 510 2
CI 12 142 32 1
CI 4 142 290 2
CO 4 131 0 512 2
CI 12 142 32 1
CO 4 131 0 514 2
CI 12 142 32 1
CO 4 131 0 516 2
CI 12 142 32 1
CO 4 131 0 518 2
CO 4 131 0 520 2
CO 4 131 0 522 2
CO 4 131 0 524 2
CO 4 131 0 526 2
CO 4 131 0 528 2
CO 4 131 0 530 2
CO 4 131 0 532 2
CO 4 131 0 534 2
CO 4 131 0 536 2
CO 4 131 0 538 2
CO 4 131 0 540 2
CO 4 131 0 542 2
CO 4 131 0 544 2
CO 4 131 0 546 2
CO 4 131 0 548 2
CO 4 131 0 550 2
CO 4 131 0 552 2
CO 4 131 0 554 2
CO 4 131 0 556 2
CO 4 131 0 558 2
CO 4 131 0 560 2
CO 4 131 0 562 2
CO 4 131 0 564 2
CO 4 131 0 566 2
CO 4 131 0 568 2
CO 4 131 0 570 2
CO 4 131 0 572 2
CO 4 131 0 574 2
CO 4 131 0 576 2
CO 4 131 0 578 2
CO 4 131 0 580 2
CO 4 131 0 582 2
CO 4 131 0 584 2
CI 12 142 32 1
BI 65508
BI 384
CO 4 131 0 586 2
CI 12 142 32 1
CO 4 131 0 588 2
CI 12 142 32 1
CO 4 131 0 590 2
CI 12 142 32 1
CO 4 131 0 592 2
CI 12 142 32 1
CI 4 142 2594 2
CO 4 131 0 594 2
CI 12 142 32 1
CI 4 142 290 2
CO 4 131 0 596 2
CI 12 142 32 1
CO 4 131 0 598 2
CI 12 142 32 1
CO 4 131 0 600 2
CI 12 142 32 1
CO 4 131 0 602 2
CI 12 142 32 1
CO 4 131 0 604 2
CI 12 142 32 1
CI 4 398 290 2
CI 4 398 290 2
CI 4 398 290 2
CI 4 398 290 2
CI 4 398 290 2
CI 4 398 290 2
CI 4 398 290 2
CI 4 398 290 2
CI 4 398 290 2
CI 4 398 290 2
CI 4 398 290 2
CI 4 398 290 2
CI 4 398 290 2
CI 4 398 290 2
CI 4 398 290 2
CI 4 398 290 2
CI 4 398 290 2
CI 4 398 290 2
CI 4 398 290 2
CI 4 398 290 2
CI 4 398 290 2
CI 4 398 290 2
CI 4 398 290 2
CI 4 398 290 2
CI 4 398 290 2
CI 4 398 290 2
CI 4 398 290 2
CI 4 398 290 2
CI 4 398 290 2
CI 4 398 290 2
CI 4 398 290 2
CI 4 398 290 2
CI 4 398 290 2
CI 4 398 290 2
CI 4 398 290 2
CI 4 398 290 2
CI 4 398 290 2
CI 4 398 290 2
CI 4 398 290 2
CI 4 398 290 2
CI 4 398 290 2
CI 4 398 290 2
CI 4 398 290 2
CI 4 398 290 2
CI 4 398 290 2
CI 4 398 290 2
CI 4 398 290 2
CI 4 398 290 2
CI 4 398 290 2
CI 4 398 290 2
CI 4 398 290 2
CI 4 398 290 2
CI 4 398 290 2
CI 4 398 290 2
CI 4 398 290 2
CI 4 398 290 2
CI 4 398 290 2
CI 4 398 290 2
CI 4 398 290 2
CI 4 398 290 2
CI 4 398 290 2
CI 4 398 290 2
CI 4 398 290 2
CI 4 398 290 2
CI 4 398 290 2
CI 4 398 290 2
CI 4 398 290 2
CI 4 398 290 2
CI 4 398 290 2
CI 4 398 290 2
CI 4 398 290 2
CI 4 398 290 2
CI 4 398 290 2
CI 4 398 290 2
CI 4 398 290 2
CI 4 398 290 2
CI 4 398 290 2
CI 4 398 290 2
CI 4 398 290 2
CI 4 398 290 2
CI 4 398 290 2
CI 4 398 290 2
CI 4 398 290 2
CI 4 398 290 2
CI 4 398 290 2
CI 4 398 290 2
CI 4 398 290 2
CI 4 398 290 2
CI 4 398 290 2
CI 4 398 290 2
CI 4 398 290 2
CI 4 398 290 2
CI 4 398 290 2
CI 4 398 290 2
CI 4 398 290 2
CI 4 398 290 2
CI 4 398 290 2
CI 4 398 290 2
CI 4 398 290 2
CI 4 398 290 2
CI 4 398 290 2
CI 4 398 290 2
CI 4 398 290 2
CI 4 398 290 2
CI 4 398 290 2
CI 4 398 290 2
CI 4 398 290 2
CI 4 398 290 2
CI 4 398 290 2
CI 4 398 290 2
CI 4 398 290 2
CI 4 398 290 2
CI 4 398 290 2
CI 4 398 290 2
CI 4 398 290 2
CI 4 398 290 2
CI 4 398 290 2
CI 4 398 290 2
CI 4 398 290 2
CI 4 398 290 2
CI 4 398 290 2
CI 4 398 290 2
CI 4 398 290 2
CI 4 398 290 2
CI 4 398 290 2
CI 4 398 290 2
CI 4 398 290 2
CI 4 398 290 2
CI 4 398 290 2
CI 4 398 290 2
CI 4 398 290 2
CI 4 398 290 2
CI 4 398 290 2
CI 4 398 290 2
CI 4 398 290 2
CI 4 398 290 2
CI 4 398 290 2
CI 4 398 290 2
CI 4 398 290 2
CI 4 398 290 2
CI 4 398 290 2
CI 4 398 290 2
CI 4 398 290 2
CI 4 398 290 2
CI 4 398 290 2
CI 4 398 290 2
CI 4 398 290 2
CI 4 398 290 2
CI 4 398 290 2
CI 4 398 290 2
CI 4 398 290 2
CI 4 398 290 2
CI 4 398 290 2
CI 4 398 290 2
CI 4 398 290 2
CI 4 398 290 2
CI 4 398 290 2
CI 4 398 290 2
CI 4 398 290 2
CI 4 398 290 2
CI 4 398 290 2
CI 4 398 290 2
CI 4 398 290 2
CI 4 398 290 2
CI 4 398 290 2
CI 4 398 290 2
CI 4 398 290 2
CI 4 398 290 2
CI 4 398 290 2
CI 4 398 290 2
CI 4 398 290 2
CI 4 398 290 2
CI 4 398 290 2
CI 4 398 290 2
CI 4 398 290 2
CI 4 398 290 2
CI 4 398 290 2
CI 4 398 290 2
CI 4 398 290 2
CI 4 398 290 2
CI 4 398 290 2
CI 4 398 290 2
CI 4 398 290 2
CI 4 398 290 2
CI 4 398 290 2
CI 4 398 290 2
CI 4 398 290 2
CI 4 398 290 2
CI 4 398 290 2
CI 4 398 290 2
CI 4 398 290 2
CI 4 398 290 2
CI 4 398 290 2
CI 4 398 290 2
CI 4 398 290 2
CI 4 398 290 2
CI 4 398 290 2
CI 4 398 290 2
CI 4 398 290 2
CI 4 398 290 2
CI 4 398 290 2
CI 4 398 290 2
CI 4 398 290 2
CI 4 398 290 2
CI 4 398 290 2
CI 4 398 290 2
CI 4 398 290 2
CI 4 398 290 2
CI 4 398 290 2
CI 4 398 290 2
CI 4 398 290 2
CI 4 398 290 2
CI 4 398 290 2
CI 4 398 290 2
CI 4 398 290 2
CI 4 398 290 2
CI 4 398 290 2
CI 4 398 290 2
CI 4 398 290 2
CI 4 398 290 2
CI 4 398 290 2
CI 4 398 290 2
CI 4 398 290 2
CI 4 398 290 2
CI 4 398 290 2
CI 4 398 290 2
CI 4 398 290 2
CI 4 398 290 2
CI 4 398 290 2
CI 4 398 290 2
CI 4 398 290 2
CI 4 398 290 2
CI 4 398 290 2
CI 4 398 290 2
CI 4 398 290 2
CI 4 398 290 2
CI 4 398 290 2
CI 4 398 290 2
CI 4 398 290 2
CI 4 398 290 2
CI 4 398 290 2
CI 4 398 290 2
CI 4 398 290 2
CI 4 398 290 2
CI 4 398 290 2
CI 4 398 290 2
CI 4 398 290 2
CI 4 398 290 2
CI 4 398 290 2
CI 4 398 290 2
CI 4 398 290 2
CI 4 398 290 2
CI 4 398 290 2
CI 4 398 290 2
CI 4 398 290 2
CI 4 398 290 2
CI 4 398 290 2
CI 4 398 290 2
CI 4 398 290 2
CI 4 398 290 2
CI 4 398 290 2
CI 4 398 290 2
CI 4 398 290 2
CI 4 398 290 2
CI 4 398 290 2
CI 4 398 290 2
CI 4 398 290 2
CI 4 398 290 2
CI 4 398 290 2
CI 4 398 290 2
CI 4 398 290 2
CI 4 398 290 2
CI 4 398 290 2
CI 4 398 290 2
CI 4 398 290 2
CI 4 398 290 2
CI 4 398 290 2
CI 4 398 290 2
CI 4 398 290 2
CI 4 398 290 2
CI 4 398 290 2
CI 4 398 290 2
CI 4 398 290 2
CI 4 398 290 2
CI 4 398 290 2
CI 4 398 290 2
CI 4 398 290 2
CI 4 398 290 2
CI 4 398 290 2
CI 4 398 290 2
CI 4 398 290 2
CI 4 398 290 2
CI 4 398 290 2
CI 4 398 290 2
CI 4 398 290 2
CI 4 398 290 2
CI 4 398 290 2
CI 4 398 290 2
CI 4 398 290 2
CI 4 398 290 2
CI 4 398 290 2
CI 4 398 290 2
CI 4 398 290 2
CI 4 398 290 2
CI 4 398 290 2
CI 4 398 290 2
CI 4 398 290 2
CI 4 398 290 2
CI 4 398 290 2
CI 4 398 290 2
CI 4 398 290 2
CI 4 398 290 2
CI 4 398 290 2
CI 4 398 290 2
CI 4 398 290 2
CI 4 398 290 2
CI 4 398 290 2
CI 4 398 290 2
CI 4 398 290 2
CI 4 398 290 2
CI 4 398 290 2
CI 4 398 290 2
CI 4 398 290 2
CI 4 398 290 2
CI 4 398 290 2
CI 4 398 290 2
CI 4 398 290 2
CI 4 398 290 2
CI 4 398 290 2
CI 4 398 290 2
CI 4 398 290 2
CI 4 398 290 2
CI 4 398 290 2
CI 4 398 290 2
CI 4 398 290 2
CI 4 398 290 2
CI 4 398 290 2
CI 4 398 290 2
CI 4 398 290 2
CI 4 398 290 2
CI 4 398 290 2
CI 4 398 290 2
CI 4 398 290 2
CI 4 398 290 2
CI 4 398 290 2
CI 4 398 290 2
CI 4 398 290 2
CI 4 398 290 2
CI 4 398 290 2
CI 4 398 290 2
CI 4 398 290 2
CI 4 398 290 2
CI 4 398 290 2
CI 4 398 290 2
CI 4 398 290 2
CI 4 398 290 2
CI 4 398 290 2
CI 4 398 290 2
CI 4 398 290 2
CI 4 398 290 2
CI 4 398 290 2
CI 4 398 290 2
CI 4 398 290 2
CI 4 398 290 2
CI 4 398 290 2
CI 4 398 290 2
CI 4 398 290 2
CI 4 398 290 2
CI 4 398 290 2
CI 4 398 290 2
CI 4 398 290 2
CI 4 398 290 2
CI 4 398 290 2
CI 4 398 290 2
CI 4 398 290 2
CI 4 398 290 2
CI 4 398 290 2
CI 4 398 290 2
CI 4 398 290 2
CI 4 398 290 2
CI 4 398 290 2
CI 4 398 290 2
CI 4 398 290 2
CI 4 398 290 2
CI 4 398 290 2
CI 4 398 290 2
CI 4 398 290 2
CI 4 398 290 2
CI 4 398 290 2
CI 4 398 290 2
CI 4 398 290 2
CI 4 398 290 2
CI 4 398 290 2
CI 4 398 290 2
CI 4 398 290 2
CI 4 398 290 2
CI 4 398 290 2
CI 4 398 290 2
CI 4 398 290 2
CI 4 398 290 2
CI 4 398 290 2
CI 4 398 290 2
CI 4 398 290 2
CI 4 398 290 2
CI 4 398 290 2
CI 4 398 290 2
CI 4 398 290 2
CI 4 398 290 2
CI 4 398 290 2
CI 4 398 290 2
CI 4 398 290 2
CI 4 398 290 2
CI 4 398 290 2
CI 4 398 290 2
CI 4 398 290 2
CI 4 398 290 2
CI 4 398 290 2
CI 4 398 290 2
CI 4 398 290 2
CI 4 398 290 2
CI 4 398 290 2
CI 4 398 290 2
CI 4 398 290 2
CI 4 398 290 2
CI 4 398 290 2
CI 4 398 290 2
CI 4 398 290 2
CI 4 398 290 2
CI 4 398 290 2
CI 4 398 290 2
CI 4 398 290 2
CI 4 398 290 2
CI 4 398 290 2
CI 4 398 290 2
CI 4 398 290 2
CI 4 398 290 2
CI 4 398 290 2
CI 4 398 290 2
CI 4 398 290 2
CI 4 398 290 2
CI 4 398 290 2
CI 4 398 290 2
CI 4 398 290 2
CI 4 398 290 2
CI 4 398 290 2
CI 4 398 290 2
CI 4 398 290 2
CI 4 398 290 2
CI 4 398 290 2
CI 4 398 290 2
CI 4 398 290 2
CI 4 398 290 2
CI 4 398 290 2
CI 4 398 290 2
CI 4 398 290 2
CI 4 398 290 2
CI 4 398 290 2
CI 4 398 290 2
CI 4 398 290 2
CI 4 398 290 2
CI 4 398 290 2
CI 4 398 290 2
CI 4 398 290 2
CI 4 398 290 2
CI 4 398 290 2
CI 4 398 290 2
CI 4 398 290 2
CI 4 398 290 2
CI 4 398 290 2
CI 4 398 290 2
CI 4 398 290 2
CI 4 398 290 2
CI 4 398 290 2
CI 4 398 290 2
CI 4 398 290 2
CI 4 398 290 2
CI 4 398 290 2
CI 4 398 290 2
CI 4 398 290 2
CI 4 398 290 2
CI 4 398 290 2
CI 4 398 290 2
CI 4 398 290 2
CI 4 398 290 2
CI 4 398 290 2
CI 4 398 290 2
CI 4 398 290 2
CI 4 398 290 2
CI 4 398 290 2
CI 4 398 290 2
CI 4 398 290 2
CI 4 398 290 2
CI 4 398 290 2
CI 4 398 290 2
CI 4 398 290 2
CI 4 398 290 2
CI 4 398 290 2
CI 4 398 290 2
CI 4 398 290 2
CI 4 398 290 2
CI 4 398 290 2
CI 4 398 290 2
CI 4 398 290 2
CI 4 398 290 2
CI 4 398 290 2
CI 4 398 290 2
CI 4 398 290 2
CI 4 398 290 2
CI 4 398 290 2
CI 4 398 290 2
CI 4 398 290 2
CI 4 398 290 2
CI 4 398 290 2
CI 4 398 290 2
CI 4 398 290 2
CI 4 398 290 2
CI 4 398 290 2
CI 4 398 290 2
CI 4 398 290 2
CI 4 398 290 2
CI 4 398 290 2
CI 4 398 290 2
CI 4 398 290 2
CI 4 398 290 2
CI 4 398 290 2
CI 4 398 290 2
CI 4 398 290 2
CI 4 398 290 2
CI 4 398 290 2
CI 4 398 290 2
CI 4 398 290 2
CI 4 398 290 2
CI 4 398 290 2
CI 4 398 290 2
CI 4 398 290 2
CI 4 398 290 2
CI 4 398 290 2
CI 4 398 290 2
CI 4 398 290 2
CI 4 398 290 2
CI 4 398 290 2
CI 4 398 290 2
CI 4 398 290 2
CI 4 398 290 2
CI 4 398 290 2
CI 4 398 290 2
CI 4 398 290 2
CI 4 398 290 2
CI 4 398 290 2
CI 4 398 290 2
CI 4 398 290 2
CI 4 398 290 2
CI 4 398 290 2
CI 4 398 290 2
CI 4 398 290 2
CI 4 398 290 2
CI 4 398 290 2
CI 4 398 290 2
CI 4 398 290 2
CI 4 398 290 2
CI 4 398 290 2
CI 4 398 290 2
CI 4 398 290 2
CI 4 398 290 2
CI 4 398 290 2
CI 4 398 290 2
CI 4 398 290 2
CI 4 398 290 2
CI 4 398 290 2
CI 4 398 290 2
CI 4 398 290 2
CI 4 398 290 2
CI 4 398 290 2
CI 4 398 290 2
CI 4 398 290 2
CI 4 398 290 2
CI 4 398 290 2
CI 4 398 290 2
CI 4 398 290 2
CI 4 398 290 2
CI 4 398 290 2
CI 4 398 290 2
CI 4 398 290 2
CI 4 398 290 2
CI 4 398 290 2
CI 4 398 290 2
CI 4 398 290 2
CI 4 398 290 2
CI 4 398 290 2
CI 4 398 290 2
CI 4 398 290 2
CI 4 398 290 2
CI 4 398 290 2
CI 4 398 290 2
CI 4 398 290 2
CI 4 398 290 2
CI 4 398 290 2
CI 4 398 290 2
CI 4 398 290 2
CI 4 398 290 2
CI 4 398 290 2
CI 4 398 290 2
CI 4 398 290 2
CI 4 398 290 2
CI 4 398 290 2
CI 4 398 290 2
CI 4 398 290 2
CI 4 398 290 2
CI 4 398 290 2
CI 4 398 290 2
CI 4 398 290 2
CI 4 398 290 2
CI 4 398 290 2
CI 4 398 290 2
CI 4 398 290 2
CI 4 398 290 2
CI 4 398 290 2
CI 4 398 290 2
CI 4 398 290 2
CI 4 398 290 2
CI 4 398 290 2
CI 4 398 290 2
CI 4 398 290 2
CI 4 398 290 2
CI 4 398 290 2
CI 4 398 290 2
CI 4 398 290 2
CI 4 398 290 2
CI 4 398 290 2
CI 4 398 290 2
CI 4 398 290 2
CI 4 398 290 2
CI 4 398 290 2
CI 4 398 290 2
CI 4 398 290 2
CI 4 398 290 2
CI 4 398 290 2
CI 4 398 290 2
CI 4 398 290 2
CI 4 398 290 2
CI 4 398 290 2
CI 4 398 290 2
CI 4 398 290 2
CI 4 398 290 2
CI 4 398 290 2
CI 4 398 290 2
CI 4 398 290 2
CI 4 398 290 2
CI 4 398 290 2
CI 4 398 290 2
CI 4 398 290 2
CI 4 398 290 2
CI 4 398 290 2
CI 4 398 290 2
CI 4 398 290 2
CI 4 398 290 2
CI 4 398 290 2
CI 4 398 290 2
CI 4 398 290 2
CI 4 398 290 2
CI 4 398 290 2
CI 4 398 290 2
CI 4 398 290 2
CI 4 398 290 2
CI 4 398 290 2
CI 4 398 290 2
CI 4 398 290 2
CI 4 398 290 2
CI 4 398 290 2
CI 4 398 290 2
CI 4 398 290 2
CI 4 398 290 2
CI 4 398 290 2
CI 4 398 290 2
CI 4 398 290 2
CI 4 398 290 2
CI 4 398 290 2
CI 4 398 290 2
CI 4 398 290 2
CI 4 398 290 2
CI 4 398 290 2
CI 4 398 290 2
CI 4 398 290 2
CI 4 398 290 2
CI 4 398 290 2
CI 4 398 290 2
CI 4 398 290 2
CI 4 398 290 2
CI 4 398 290 2
CI 4 398 290 2
CI 4 398 290 2
CI 4 398 290 2
CI 4 398 290 2
CI 4 398 290 2
CI 4 398 290 2
CI 4 398 290 2
CI 4 398 290 2
CI 4 398 290 2
CI 4 398 290 2
CI 4 398 290 2
CI 4 398 290 2
CI 4 398 290 2
CI 4 398 290 2
CI 4 398 290 2
CI 4 398 290 2
CI 4 398 290 2
CI 4 398 290 2
CI 4 398 290 2
CI 4 398 290 2
CI 4 398 290 2
CI 4 398 290 2
CI 4 398 290 2
CI 4 398 290 2
CI 4 398 290 2
CI 4 398 290 2
CI 4 398 290 2
CI 4 398 290 2
CI 4 398 290 2
CI 4 398 290 2
CI 4 398 290 2
CI 4 398 290 2
CI 4 398 290 2
CI 4 398 290 2
CI 4 398 290 2
CI 4 398 290 2
CI 4 398 290 2
CI 4 398 290 2
CI 4 398 290 2
CI 4 398 290 2
CI 4 398 290 2
CI 4 398 290 2
CI 4 398 290 2
CI 4 398 290 2
CI 4 398 290 2
CI 4 398 290 2
CI 4 398 290 2
CI 4 398 290 2
CI 4 398 290 2
CI 4 398 290 2
CI 4 398 290 2
CI 4 398 290 2
CI 4 398 290 2
CI 4 398 290 2
CI 4 398 290 2
CI 4 398 290 2
CI 4 398 290 2
CI 4 398 290 2
CI 4 398 290 2
CI 4 398 290 2
CI 4 398 290 2
CI 4 398 290 2
CI 4 398 290 2
CI 4 398 290 2
CI 4 398 290 2
CI 4 398 290 2
CI 4 398 290 2
CI 4 398 290 2
CI 4 398 290 2
CI 4 398 290 2
CI 4 398 290 2
CI 4 398 290 2
CI 4 398 290 2
CI 4 398 290 2
CI 4 398 290 2
CI 4 398 290 2
CI 4 398 290 2
CI 4 398 290 2
CI 4 398 290 2
CI 4 398 290 2
CI 4 398 290 2
CI 4 398 290 2
CI 4 398 290 2
CI 4 398 290 2
CI 4 398 290 2
CI 4 398 290 2
CI 4 398 290 2
CI 4 398 290 2
CI 4 398 290 2
CI 4 398 290 2
CI 4 398 290 2
CI 4 398 290 2
CI 4 398 290 2
CI 4 398 290 2
CI 4 398 290 2
CI 4 398 290 2
CI 4 398 290 2
CI 4 398 290 2
CI 4 398 290 2
CI 4 398 290 2
CI 4 398 290 2
CI 4 398 290 2
CI 4 398 290 2
CI 4 398 290 2
CI 4 398 290 2
CI 4 398 290 2
CI 4 398 290 2
CI 4 398 290 2
CI 4 398 290 2
CI 4 398 290 2
CI 4 398 290 2
CI 4 398 290 2
CI 4 398 290 2
CI 4 398 290 2
CI 4 398 290 2
CI 4 398 290 2
CI 4 398 290 2
CI 4 398 290 2
CI 4 398 290 2
CI 4 398 290 2
CI 4 398 290 2
CI 4 398 290 2
CI 4 398 290 2
CI 4 398 290 2
CI 4 398 290 2
CI 4 398 290 2
CI 4 398 290 2
CI 4 398 290 2
CI 4 398 290 2
CI 4 398 290 2
CI 4 398 290 2
CI 4 398 290 2
CI 4 398 290 2
CI 4 398 290 2
CI 4 398 290 2
CI 4 398 290 2
CI 4 398 290 2
CI 4 398 290 2
CI 4 398 290 2
CI 4 398 290 2
CI 4 398 290 2
CI 4 398 290 2
CI 4 398 290 2
CI 4 398 290 2
CI 4 398 290 2
CI 4 398 290 2
CI 4 398 290 2
CI 4 398 290 2
CI 4 398 290 2
CI 4 398 290 2
CI 4 398 290 2
CI 4 398 290 2
CI 4 398 290 2
CI 4 398 290 2
CI 4 398 290 2
CI 4 398 290 2
CI 4 398 290 2
CI 4 398 290 2
CI 4 398 290 2
CI 4 398 290 2
CI 4 398 290 2
CI 4 398 290 2
CI 4 398 290 2
CI 4 398 290 2
CI 4 398 290 2
CI 4 398 290 2
CI 4 398 290 2
CI 4 398 290 2
CI 4 398 290 2
CI 4 398 290 2
CI 4 398 290 2
CI 4 398 290 2
CI 4 398 290 2
CI 4 398 290 2
CI 4 398 290 2
CI 4 398 290 2
CI 4 398 290 2
CI 4 398 290 2
CI 4 398 290 2
CI 4 398 290 2
CI 4 398 290 2
CI 4 398 290 2
CI 4 398 290 2
CI 4 398 290 2
CI 4 398 290 2
CI 4 398 290 2
CI 4 398 290 2
CI 4 398 290 2
CI 4 398 290 2
CI 4 398 290 2
CI 4 398 290 2
CI 4 398 290 2
CI 4 398 290 2
CI 4 398 290 2
CI 4 398 290 2
CI 4 398 290 2
CI 4 398 290 2
CI 4 398 290 2
CI 4 398 290 2
CI 4 398 290 2
CI 4 398 290 2
CI 4 398 290 2
CI 4 398 290 2
CI 4 398 290 2
CI 4 398 290 2
CI 4 398 290 2
CI 4 398 290 2
CI 4 398 290 2
CI 4 398 290 2
CI 4 398 290 2
CI 4 398 290 2
CI 4 398 290 2
CI 4 398 290 2
CI 4 398 290 2
CI 4 398 290 2
CI 4 398 290 2
CI 4 398 290 2
CI 4 398 290 2
CI 4 398 290 2
CI 4 398 290 2
CI 4 398 290 2
CI 4 398 290 2
CI 4 398 290 2
CI 4 398 290 2
CI 4 398 290 2
CI 4 398 290 2
CI 4 398 290 2
CI 4 398 290 2
CI 4 398 290 2
CI 4 398 290 2
CI 4 398 290 2
CI 4 398 290 2
CI 4 398 290 2
CI 4 398 290 2
CI 4 398 290 2
CI 4 398 290 2
CI 4 398 290 2
CI 4 398 290 2
CI 4 398 290 2
CI 4 398 290 2
CI 4 398 290 2
CI 4 398 290 2
CI 4 398 290 2
CI 4 398 290 2
CI 4 398 290 2
CI 4 398 290 2
CI 4 398 290 2
CI 4 398 290 2
CI 4 398 290 2
CI 4 398 290 2
CI 4 398 290 2
CI 4 398 290 2
CI 4 398 290 2
CI 4 398 290 2
CI 4 398 290 2
CI 4 398 290 2
CI 4 398 290 2
CI 4 398 290 2
CI 4 398 290 2
CI 4 398 290 2
CI 4 398 290 2
CI 4 398 290 2
CI 4 398 290 2
CI 4 398 290 2
CI 4 398 290 2
CI 4 398 290 2
CI 4 398 290 2
CI 4 398 290 2
CI 4 398 290 2
CI 4 398 290 2
CI 4 398 290 2
CI 4 398 290 2
CI 4 398 290 2
CI 4 398 290 2
CI 4 398 290 2
CI 4 398 290 2
CI 4 398 290 2
CI 4 398 290 2
CI 4 398 290 2
CI 4 398 290 2
CI 4 398 290 2
CI 4 398 290 2
CI 4 398 290 2
CI 4 398 290 2
CI 4 398 290 2
CI 4 398 290 2
CI 4 398 290 2
CI 4 398 290 2
CI 4 398 290 2
CI 4 398 290 2
CI 4 398 290 2
CI 4 398 290 2
CI 4 398 290 2
CI 4 398 290 2
CI 4 398 290 2
CI 4 398 290 2
CI 4 398 290 2
CI 4 398 290 2
CI 4 398 290 2
CI 4 398 290 2
CI 4 398 290 2
CI 4 398 290 2
CI 4 398 290 2
CI 4 398 290 2
CI 4 398 290 2
CI 4 398 290 2
CI 4 398 290 2
CI 4 398 290 2
CI 4 398 290 2
CI 4 398 290 2
CI 4 398 290 2
CI 4 398 290 2
CI 4 398 290 2
CI 4 398 290 2
CI 4 398 290 2
CI 4 398 290 2
CI 4 398 290 2
CI 4 398 290 2
CI 4 398 290 2
CI 4 398 290 2
CI 4 398 290 2
CI 4 398 290 2
CI 4 398 290 2
CI 4 398 290 2
CI 4 398 290 2
CI 4 398 290 2
CI 4 398 290 2
CI 4 398 290 2
CI 4 398 290 2
CI 4 398 290 2
CI 4 398 290 2
CI 4 398 290 2
CI 4 398 290 2
CI 4 398 290 2
CI 4 398 290 2
CI 4 398 290 2
CI 4 398 290 2
CI 4 398 290 2
CI 4 398 290 2
CI 4 398 290 2
CI 4 398 290 2
CI 4 398 290 2
CI 4 398 290 2
CI 4 398 290 2
CI 4 398 290 2
CI 4 398 290 2
CI 4 398 290 2
CI 4 398 290 2
CI 4 398 290 2
CI 4 398 290 2
CI 4 398 290 2
CI 4 398 290 2
CI 4 398 290 2
CI 4 398 290 2
CI 4 398 290 2
CI 4 398 290 2
CI 4 398 290 2
CI 4 398 290 2
CI 4 398 290 2
CI 4 398 290 2
CI 4 398 290 2
CI 4 398 290 2
CI 4 398 290 2
CI 4 398 290 2
CI 4 398 290 2
CI 4 398 290 2
CI 4 398 290 2
CI 4 398 290 2
CI 4 398 290 2
CI 4 398 290 2
CI 4 398 290 2
CI 4 398 290 2
CI 4 398 290 2
CI 4 398 290 2
CI 4 398 290 2
CI 4 398 290 2
CI 4 398 290 2
CI 4 398 290 2
CI 4 398 290 2
CI 4 398 290 2
CI 4 398 290 2
CI 4 398 290 2
CI 4 398 290 2
CI 4 398 290 2
CI 4 398 290 2
CI 4 398 290 2
CI 4 398 290 2
CI 4 398 290 2
CI 4 398 290 2
CI 4 398 290 2
CI 4 398 290 2
CI 4 398 290 2
CI 4 398 290 2
CI 4 398 290 2
CI 4 398 290 2
CI 4 398 290 2
CI 4 398 290 2
CI 4 398 290 2
CI 4 398 290 2
CI 4 398 290 2
CI 4 398 290 2
CI 4 398 290 2
CI 4 398 290 2
CI 4 398 290 2
CI 4 398 290 2
CI 4 398 290 2
CI 4 398 290 2
CI 4 398 290 2
CI 4 398 290 2
CI 4 398 290 2
CI 4 398 290 2
CI 4 398 290 2
CI 4 398 290 2
CI 4 398 290 2
CI 4 398 290 2
CI 4 398 290 2
CI 4 398 290 2
CI 4 398 290 2
CI 4 398 290 2
CI 4 398 290 2
CI 4 398 290 2
CI 4 398 290 2
CI 4 398 290 2
CI 4 398 290 2
CI 4 398 290 2
CI 4 398 290 2
CI 4 398 290 2
CI 4 398 290 2
CI 4 398 290 2
CI 4 398 290 2
CI 4 398 290 2
CI 4 398 290 2
CI 4 398 290 2
CI 4 398 290 2
CI 4 398 290 2
CI 4 398 290 2
CI 4 398 290 2
CI 4 398 290 2
CI 4 398 290 2
CI 4 398 290 2
CI 4 398 290 2
CI 4 398 290 2
CI 4 398 290 2
CI 4 398 290 2
CI 4 398 290 2
CI 4 398 290 2
CI 4 398 290 2
CI 4 398 290 2
CI 4 398 290 2
CI 4 398 290 2
CI 4 398 290 2
CI 4 398 290 2
CI 4 398 290 2
CI 4 398 290 2
CI 4 398 290 2
CI 4 398 290 2
CI 4 398 290 2
CI 4 398 290 2
CI 4 398 290 2
CI 4 398 290 2
CI 4 398 290 2
CI 4 398 290 2
CI 4 398 290 2
CI 4 398 290 2
CI 4 398 290 2
CI 4 398 290 2
CI 4 398 290 2
CI 4 398 290 2
CI 4 398 290 2
CI 4 398 290 2
CI 4 398 290 2
CI 4 398 290 2
CI 4 398 290 2
CI 4 398 290 2
CI 4 398 290 2
CI 4 398 290 2
CI 4 398 290 2
CI 4 398 290 2
CI 4 398 290 2
CI 4 398 290 2
CI 4 398 290 2
CI 4 398 290 2
CI 4 398 290 2
CI 4 398 290 2
CI 4 398 290 2
CI 4 398 290 2
CI 4 398 290 2
CI 4 398 290 2
CI 4 398 290 2
CI 4 398 290 2
CI 4 398 290 2
CI 4 398 290 2
CI 4 398 290 2
CI 4 398 290 2
CI 4 398 290 2
CI 4 398 290 2
CI 4 398 290 2
CI 4 398 290 2
CI 4 398 290 2
CI 4 398 290 2
CI 4 398 290 2
CI 4 398 290 2
CI 4 398 290 2
CI 4 398 290 2
CI 4 398 290 2
CI 4 398 290 2
CI 4 398 290 2
CI 4 398 290 2
CI 4 398 290 2
CI 4 398 290 2
CI 4 398 290 2
CI 4 398 290 2
CI 4 398 290 2
CI 4 398 290 2
CI 4 398 290 2
CI 4 398 290 2
CI 4 398 290 2
CI 4 398 290 2
CI 4 398 290 2
CI 4 398 290 2
CI 4 398 290 2
CI 4 398 290 2
CI 4 398 290 2
CI 4 398 290 2
CI 4 398 290 2
CI 4 398 290 2
CI 4 398 290 2
CI 4 398 290 2
CI 4 398 290 2
CI 4 398 290 2
CI 4 398 290 2
CI 4 398 290 2
CI 4 398 290 2
CI 4 398 290 2
CI 4 398 290 2
CI 4 398 290 2
CI 4 398 290 2
CI 4 398 290 2
CI 4 398 290 2
CI 4 398 290 2
CI 4 398 290 2
CI 4 398 290 2
CI 4 398 290 2
CI 4 398 290 2
CI 4 398 290 2
CI 4 398 290 2
CI 4 398 290 2
CI 4 398 290 2
CI 4 398 290 2
CI 4 398 290 2
CI 4 398 290 2
CI 4 398 290 2
CI 4 398 290 2
CI 4 398 290 2
CI 4 398 290 2
CI 4 398 290 2
CI 4 398 290 2
CI 4 398 290 2
CI 4 398 290 2
CI 4 398 290 2
CI 4 398 290 2
CI 4 398 290 2
CI 4 398 290 2
CI 4 398 290 2
CI 4 398 290 2
CI 4 398 290 2
CI 4 398 290 2
CI 4 398 290 2
CI 4 398 290 2
CI 4 398 290 2
CI 4 398 290 2
CI 4 398 290 2
CI 4 398 290 2
CI 4 398 290 2
CI 4 398 290 2
CI 4 398 290 2
CI 4 398 290 2
CI 4 398 290 2
CI 4 398 290 2
CI 4 398 290 2
CI 4 398 290 2
CI 4 398 290 2
CI 4 398 290 2
CI 4 398 290 2
CI 4 398 290 2
CI 4 398 290 2
CI 4 398 290 2
CI 4 398 290 2
CI 4 398 290 2
CI 4 398 290 2
CI 4 398 290 2
CI 4 398 290 2
CI 4 398 290 2
CI 4 398 290 2
CI 4 398 290 2
CI 4 398 290 2
CI 4 398 290 2
CI 4 398 290 2
CI 4 398 290 2
CI 4 398 290 2
CI 4 398 290 2
CI 4 398 290 2
CI 4 398 290 2
CI 4 398 290 2
CI 4 398 290 2
CI 4 398 290 2
CI 4 398 290 2
CI 4 398 290 2
CI 4 398 290 2
CI 4 398 290 2
CI 4 398 290 2
CI 4 398 290 2
CI 4 398 290 2
CI 4 398 290 2
CI 4 398 290 2
CI 4 398 290 2
CI 4 398 290 2
CI 4 398 290 2
CI 4 398 290 2
CI 4 398 290 2
CI 4 398 290 2
CI 4 398 290 2
CI 4 398 290 2
CI 4 398 290 2
CI 4 398 290 2
CI 4 398 290 2
CI 4 398 290 2
CI 4 398 290 2
CI 4 398 290 2
CI 4 398 290 2
CI 4 398 290 2
CI 4 398 290 2
CI 4 398 290 2
CI 4 398 290 2
CI 4 398 290 2
CI 4 398 290 2
CI 4 398 290 2
CI 4 398 290 2
CI 4 398 290 2
CI 4 398 290 2
CI 4 398 290 2
CI 4 398 290 2
CI 4 398 290 2
CI 4 398 290 2
CI 4 398 290 2
CI 4 398 290 2
CI 4 398 290 2
CI 4 398 290 2
CI 4 398 290 2
CI 4 398 290 2
CI 4 398 290 2
CI 4 398 290 2
CI 4 398 290 2
CI 4 398 290 2
CI 4 398 290 2
CI 4 398 290 2
CI 4 398 290 2
CI 4 398 290 2
CI 4 398 290 2
CI 4 398 290 2
CI 4 398 290 2
CI 4 398 290 2
CI 4 398 290 2
CI 4 398 290 2
CI 4 398 290 2
CI 4 398 290 2
CI 4 398 290 2
CI 4 398 290 2
CI 4 398 290 2
CI 4 398 290 2
CI 4 398 290 2
CI 4 398 290 2
CI 4 398 290 2
CI 4 398 290 2
CI 4 398 290 2
CI 4 398 290 2
CI 4 398 290 2
CI 4 398 290 2
CI 4 398 290 2
CI 4 398 290 2
CI 4 398 290 2
CI 4 398 290 2
CI 4 398 290 2
CI 4 398 290 2
CI 4 398 290 2
CI 4 398 290 2
CI 4 398 290 2
CI 4 398 290 2
CI 4 398 290 2
CI 4 398 290 2
CI 4 398 290 2
CI 4 398 290 2
CI 4 398 290 2
CI 4 398 290 2
CI 4 398 290 2
CI 4 398 290 2
CI 4 398 290 2
CI 4 398 290 2
CI 4 398 290 2
CI 4 398 290 2
CI 4 398 290 2
CI 4 398 290 2
CI 4 398 290 2
CI 4 398 290 2
CI 4 398 290 2
CI 4 398 290 2
CI 4 398 290 2
CI 4 398 290 2
CI 4 398 290 2
CI 4 398 290 2
CI 4 398 290 2
CI 4 398 290 2
CI 4 398 290 2
CI 4 398 290 2
CI 4 398 290 2
CI 4 398 290 2
CI 4 398 290 2
CI 4 398 290 2
CI 4 398 290 2
CI 4 398 290 2
CI 4 398 290 2
CI 4 398 290 2
CI 4 398 290 2
CI 4 398 290 2
CI 4 398 290 2
CI 4 398 290 2
CI 4 398 290 2
CI 4 398 290 2
CI 4 398 290 2
CI 4 398 290 2
CI 4 398 290 2
CI 4 398 290 2
CI 4 398 290 2
CI 4 398 290 2
CI 4 398 290 2
CI 4 398 290 2
CI 4 398 290 2
CI 4 398 290 2
CI 4 398 290 2
CI 4 398 290 2
CI 4 398 290 2
CI 4 398 290 2
CI 4 398 290 2
CI 4 398 290 2
CI 4 398 290 2
CI 4 398 290 2
CI 4 398 290 2
CI 4 398 290 2
CI 4 398 290 2
CI 4 398 290 2
CI 4 398 290 2
CI 4 398 290 2
CI 4 398 290 2
CI 4 398 290 2
CI 4 398 290 2
CI 4 398 290 2
CI 4 398 290 2
CI 4 398 290 2
CI 4 398 290 2
CI 4 398 290 2
CI 4 398 290 2
CI 4 398 290 2
CI 4 398 290 2
CI 4 398 290 2
CI 4 398 290 2
CI 4 398 290 2
CI 4 398 290 2
CI 4 398 290 2
CI 4 398 290 2
CI 4 398 290 2
CI 4 398 290 2
CI 4 398 290 2
CI 4 398 290 2
CI 4 398 290 2
CI 4 398 290 2
CI 4 398 290 2
CI 4 398 290 2
CI 4 398 290 2
CI 4 398 290 2
CI 4 398 290 2
CI 4 398 290 2
CI 4 398 290 2
CI 4 398 290 2
CI 4 398 290 2
CI 4 398 290 2
CI 4 398 290 2
CI 4 398 290 2
CI 4 398 290 2
CI 4 398 290 2
CI 4 398 290 2
CI 4 398 290 2
CI 4 398 290 2
CI 4 398 290 2
CI 4 398 290 2
CI 4 398 290 2
CI 4 398 290 2
CI 4 398 290 2
CI 4 398 290 2
CI 4 398 290 2
CI 4 398 290 2
CI 4 398 290 2
CI 4 398 290 2
CI 4 398 290 2
CI 4 398 290 2
CI 4 398 290 2
CI 4 398 290 2
CI 4 398 290 2
CI 4 398 290 2
CI 4 398 290 2
CI 4 398 290 2
CI 4 398 290 2
CI 4 398 290 2
CI 4 398 290 2
CI 4 398 290 2
CI 4 398 290 2
CI 4 398 290 2
CI 4 398 290 2
CI 4 398 290 2
CI 4 398 290 2
CI 4 398 290 2
CI 4 398 290 2
CI 4 398 290 2
CI 4 398 290 2
CI 4 398 290 2
CI 4 398 290 2
CI 4 398 290 2
CI 4 398 290 2
CI 4 398 290 2
CI 4 398 290 2
CI 4 398 290 2
CI 4 398 290 2
CI 4 398 290 2
CI 4 398 290 2
CI 4 398 290 2
CI 4 398 290 2
CI 4 398 290 2
CI 4 398 290 2
CI 4 398 290 2
CI 4 398 290 2
CI 4 398 290 2
CI 4 398 290 2
CI 4 398 290 2
CI 4 398 290 2
CI 4 398 290 2
CI 4 398 290 2
CI 4 398 290 2
CI 4 398 290 2
CI 4 398 290 2
CI 4 398 290 2
CI 4 398 290 2
CI 4 398 290 2
CI 4 398 290 2
CI 4 398 290 2
CI 4 398 290 2
CI 4 398 290 2
CI 4 398 290 2
CI 4 398 290 2
CI 4 398 290 2
CI 4 398 290 2
CI 4 398 290 2
CI 4 398 290 2
CI 4 398 290 2
CI 4 398 290 2
CI 4 398 290 2
CI 4 398 290 2
CI 4 398 290 2
CI 4 398 290 2
CI 4 398 290 2
CI 4 398 290 2
CI 4 398 290 2
CI 4 398 290 2
CI 4 398 290 2
CI 4 398 290 2
CI 4 398 290 2
CI 4 398 290 2
CI 4 398 290 2
CI 4 398 290 2
CI 4 398 290 2
CI 4 398 290 2
CI 4 398 290 2
CI 4 398 290 2
CI 4 398 290 2
CI 4 398 290 2
CI 4 398 290 2
CI 4 398 290 2
CI 4 398 290 2
CI 4 398 290 2
CI 4 398 290 2
CI 4 398 290 2
CI 4 398 290 2
CI 4 398 290 2
CI 4 398 290 2
CI 4 398 290 2
CI 4 398 290 2
CI 4 398 290 2
CI 4 398 290 2
CI 4 398 290 2
CI 4 398 290 2
CI 4 398 290 2
CI 4 398 290 2
CI 4 398 290 2
CI 4 398 290 2
CI 4 398 290 2
CI 4 398 290 2
CI 4 398 290 2
CI 4 398 290 2
CI 4 398 290 2
CI 4 398 290 2
CI 4 398 290 2
CI 4 398 290 2
CI 4 398 290 2
CI 4 398 290 2
CI 4 398 290 2
CI 4 398 290 2
CI 4 398 290 2
CI 4 398 290 2
CI 4 398 290 2
CI 4 398 290 2
CI 4 398 290 2
CI 4 398 290 2
CI 4 398 290 2
CI 4 398 290 2
CI 4 398 290 2
CI 4 398 290 2
CI 4 398 290 2
CI 4 398 290 2
CI 4 398 290 2
CI 4 398 290 2
CI 4 398 290 2
CI 4 398 290 2
CI 4 398 290 2
CI 4 398 290 2
CI 4 398 290 2
CI 4 398 290 2
CI 4 398 290 2
CI 4 398 290 2
CI 4 398 290 2
CI 4 398 290 2
CI 4 398 290 2
CI 4 398 290 2
CI 4 398 290 2
CI 4 398 290 2
CI 4 398 290 2
CI 4 398 290 2
CI 4 398 290 2
CI 4 398 290 2
CI 4 398 290 2
CI 4 398 290 2
CI 4 398 290 2
CI 4 398 290 2
CI 4 398 290 2
CI 4 398 290 2
CI 4 398 290 2
CI 4 398 290 2
CI 4 398 290 2
CI 4 398 290 2
CI 4 398 290 2
CI 4 398 290 2
CI 4 398 290 2
CI 4 398 290 2
CI 4 398 290 2
CI 4 398 290 2
CI 4 398 290 2
CI 4 398 290 2
CI 4 398 290 2
CI 4 398 290 2
CI 4 398 290 2
CI 4 398 290 2
CI 4 398 290 2
CI 4 398 290 2
CI 4 398 290 2
CI 4 398 290 2
CI 4 398 290 2
CI 4 398 290 2
CI 4 398 290 2
CI 4 398 290 2
CI 4 398 290 2
CI 4 398 290 2
CI 4 398 290 2
CI 4 398 290 2
CI 4 398 290 2
CI 4 398 290 2
CI 4 398 290 2
CI 4 398 290 2
CI 4 398 290 2
CI 4 398 290 2
CI 4 398 290 2
CI 4 398 290 2
CI 4 398 290 2
CI 4 398 290 2
CI 4 398 290 2
CI 4 142 802 2
CO 4 131 0 606 2
CI 12 142 32 1
CO 12 140 21 608 1
CI 12 142 32 1
CI 4 142 2850 2
CO 4 131 0 609 2
CI 12 142 32 1
CO 4 130 1 611 8
CI 12 142 32 1
BO 619 8
CI 4 398 290 2
CI 4 142 802 2
CI 4 142 802 2
CI 4 398 290 2
CI 4 142 802 2
CI 4 398 290 2
CO 4 131 0 627 64
CI 12 142 32 1
CO 4 131 0 691 64
CI 12 142 32 1
CO 4 131 0 755 64
CI 12 142 32 1
CO 4 131 0 819 64
CI 12 142 32 1
CO 4 131 0 883 8
CI 12 142 32 1
CO 4 131 0 891 2
CI 12 142 32 1
CO 4 131 0 893 6
CI 12 142 32 1
CO 4 131 0 899 6
CI 12 142 32 1
CO 4 131 0 905 6
CI 12 142 32 1
CO 4 131 0 911 20
CI 12 142 32 1
CO 4 131 0 931 2
CI 12 142 32 1
CI 4 142 1570 2
CO 4 131 0 933 2
CI 12 142 32 1
CI 4 142 50210 2
CI 4 142 50210 2
CI 4 142 13858 2
CO 4 131 0 935 2
CI 12 142 32 1
CI 4 142 13090 2
CO 4 131 0 937 2
CI 12 142 32 1
CI 4 142 13602 2
CO 4 131 0 939 2
CI 12 142 32 1
CI 4 142 12834 2
CO 4 131 0 941 2
CI 12 142 32 1
CI 4 142 13858 2
CO 4 131 0 943 2
CI 12 142 32 1
CI 4 142 13090 2
CO 4 131 0 945 2
CI 12 142 32 1
CI 4 142 13602 2
CO 4 131 0 947 2
CI 12 142 32 1
CI 4 142 12834 2
CO 4 131 0 949 2
CI 12 142 32 1
CI 4 142 13602 2
CO 4 131 0 951 2
CI 12 142 32 1
CI 4 142 12834 2
CO 4 131 0 953 2
CI 12 142 32 1
CI 4 142 13602 2
CO 4 131 0 955 2
CI 12 142 32 1
CI 4 142 12834 2
CO 4 131 0 957 2
CI 12 142 32 1
CI 4 142 2850 2
CO 4 131 0 959 2
CI 12 142 32 1
CI 4 142 4898 2
CO 4 131 0 961 2
CI 12 142 32 1
CI 4 142 5410 2
CO 4 131 0 963 2
CI 12 142 32 1
CI 4 142 2594 2
CO 4 131 0 965 2
CI 12 142 32 1
CO 4 131 0 967 6
CI 12 142 32 1
CO 4 131 0 973 6
CI 12 142 32 1
CO 4 131 0 979 2
CI 12 142 32 1
CO 4 131 0 981 2
CI 12 142 32 1
CO 4 131 0 983 2
CI 12 142 32 1
CO 4 131 0 985 2
CI 12 142 32 1
CO 4 131 0 987 2
CI 12 142 32 1
CO 4 131 0 989 2
CI 12 142 32 1
CO 4 131 0 991 2
CI 12 142 32 1
CO 4 131 0 993 2
CI 12 142 32 1
CO 4 131 0 995 2
CI 12 142 32 1
CO 4 131 0 997 2
CI 12 142 32 1
CO 4 131 0 999 2
CI 12 142 32 1
CO 4 131 0 1001 2
CI 12 142 32 1
CO 4 131 0 1003 2
CI 12 142 32 1
CO 4 131 0 1005 2
CI 12 142 32 1
CO 4 131 0 1007 2
CI 12 142 32 1
CO 4 131 0 1009 2
CI 12 142 32 1
CO 4 131 0 1011 2
CI 12 142 32 1
CO 4 131 0 1013 2
CI 12 142 32 1
CO 4 131 0 1015 2
CI 12 142 32 1
CO 4 131 0 1017 2
CI 12 142 32 1
CO 4 131 0 1019 2
CI 12 142 32 1
CO 4 131 0 1021 2
CI 12 142 32 1
CO 4 131 0 1023 2
CI 12 142 32 1
CO 4 131 0 1025 2
CI 12 142 32 1
CO 4 131 0 1027 2
CI 12 142 32 1
CO 4 131 0 1029 2
CI 12 142 32 1
CO 4 131 0 1031 2
CI 12 142 32 1
CO 4 131 0 1033 2
CI 12 142 32 1
CO 4 131 0 1035 2
CI 12 142 32 1
CO 4 131 0 1037 2
CI 12 142 32 1
CO 4 131 0 1039 2
CI 12 142 32 1
CO 4 131 0 1041 2
CI 12 142 32 1
CO 4 131 0 1043 2
CI 12 142 32 1
CO 4 131 0 1045 2
CI 12 142 32 1
CO 4 131 0 1047 2
CI 12 142 32 1
CO 4 131 0 1049 2
CI 12 142 32 1
CO 4 131 0 1051 2
CI 12 142 32 1
CO 4 131 0 1053 2
CI 12 142 32 1
CO 4 131 0 1055 2
CI 12 142 32 1
CO 4 131 0 1057 2
CI 12 142 32 1
CO 4 131 0 1059 2
CI 12 142 32 1
CO 4 131 0 1061 2
CI 12 142 32 1
CO 4 131 0 1063 2
CI 12 142 32 1
CO 4 131 0 1065 2
CI 12 142 32 1
CO 4 131 0 1067 2
CI 12 142 32 1
CO 4 131 0 1069 2
CI 12 142 32 1
CO 4 131 0 1071 2
CI 12 142 32 1
CO 4 131 0 1073 2
CI 12 142 32 1
CO 4 131 0 1075 2
CI 12 142 32 1
CO 4 131 0 1077 2
CI 12 142 32 1
CO 4 131 0 1079 2
CI 12 142 32 1
CO 4 131 0 1081 2
CI 12 142 32 1
CO 4 131 0 1083 2
CI 12 142 32 1
CO 4 131 0 1085 2
CI 12 142 32 1
CO 4 131 0 1087 2
CI 12 142 32 1
CO 4 131 0 1089 2
CI 12 142 32 1
CO 4 131 0 1091 2
CI 12 142 32 1
CO 4 131 0 1093 2
CI 12 142 32 1
CO 4 131 0 1095 2
CI 12 142 32 1
CO 4 131 0 1097 2
CI 12 142 32 1
CO 4 131 0 1099 2
CI 12 142 32 1
CO 4 131 0 1101 2
CI 12 142 32 1
CO 4 131 0 1103 2
CI 12 142 32 1
CO 4 131 0 1105 2
CI 12 142 32 1
CO 4 131 0 1107 2
CI 12 142 32 1
CO 4 131 0 1109 2
CI 12 142 32 1
CO 4 131 0 1111 2
CI 12 142 32 1
CO 4 131 0 1113 2
CI 12 142 32 1
CO 4 131 0 1115 2
CI 12 142 32 1
CO 4 131 0 1117 2
CI 12 142 32 1
CO 4 131 0 1119 2
CI 12 142 32 1
CO 4 131 0 1121 2
CI 12 142 32 1
CO 4 131 0 1123 2
CI 12 142 32 1
CO 4 131 0 1125 2
CI 12 142 32 1
CO 4 131 0 1127 2
CI 12 142 32 1
CO 4 131 0 1129 2
CI 12 142 32 1
CO 4 131 0 1131 2
CI 12 142 32 1
CO 4 131 0 1133 2
CI 12 142 32 1
CO 4 131 0 1135 2
CI 12 142 32 1
CO 4 131 0 1137 2
CI 12 142 32 1
CO 4 131 0 1139 2
CI 12 142 32 1
CO 4 131 0 1141 2
CI 12 142 32 1
CO 4 131 0 1143 2
CI 12 142 32 1
CO 4 131 0 1145 2
CI 12 142 32 1
CO 4 131 0 1147 2
CI 12 142 32 1
CO 4 131 0 1149 2
CI 12 142 32 1
CO 4 131 0 1151 2
CI 12 142 32 1
CO 4 131 0 1153 2
CI 12 142 32 1
CO 4 131 0 1155 2
CI 12 142 32 1
CO 4 131 0 1157 2
CI 12 142 32 1
CO 4 131 0 1159 2
CI 12 142 32 1
CO 4 131 0 1161 2
CI 12 142 32 1
CO 4 131 0 1163 2
CI 12 142 32 1
CO 4 131 0 1165 2
CI 12 142 32 1
CO 4 131 0 1167 2
CI 12 142 32 1
CO 4 131 0 1169 2
CI 12 142 32 1
CO 4 131 0 1171 2
CI 12 142 32 1
CO 4 131 0 1173 2
CI 12 142 32 1
CO 4 131 0 1175 2
CI 12 142 32 1
CO 4 131 0 1177 2
CI 12 142 32 1
CO 4 131 0 1179 2
CI 12 142 32 1
CO 4 131 0 1181 2
CI 12 142 32 1
CO 4 131 0 1183 2
CI 12 142 32 1
CO 4 131 0 1185 2
CI 12 142 32 1
CO 4 131 0 1187 2
CI 12 142 32 1
CO 4 131 0 1189 2
CI 12 142 32 1
CO 4 131 0 1191 2
CI 12 142 32 1
CO 4 131 0 1193 2
CI 12 142 32 1
CO 4 131 0 1195 2
CI 12 142 32 1
CO 4 131 0 1197 2
CI 12 142 32 1
CO 4 131 0 1199 2
CI 12 142 32 1
CO 4 131 0 1201 2
CI 12 142 32 1
CO 4 131 0 1203 2
CI 12 142 32 1
CO 4 131 0 1205 2
CI 12 142 32 1
CO 4 131 0 1207 2
CI 12 142 32 1
CO 4 131 0 1209 2
CI 12 142 32 1
CO 4 131 0 1211 2
CI 12 142 32 1
CO 4 131 0 1213 2
CI 12 142 32 1
CO 4 131 0 1215 2
CI 12 142 32 1
CO 4 131 0 1217 2
CI 12 142 32 1
CO 4 131 0 1219 2
CI 12 142 32 1
CO 4 131 0 1221 2
CI 12 142 32 1
CO 4 131 0 1223 2
CI 12 142 32 1
CO 4 131 0 1225 2
CI 12 142 32 1
CO 4 131 0 1227 2
CI 12 142 32 1
CO 4 131 0 1229 2
CI 12 142 32 1
CO 4 131 0 1231 2
CI 12 142 32 1
CO 4 131 0 1233 2
CI 12 142 32 1
CO 4 131 0 1235 2
CI 12 142 32 1
CO 4 131 0 1237 2
CI 12 142 32 1
CO 4 131 0 1239 2
CI 12 142 32 1
CO 4 131 0 1241 2
CI 12 142 32 1
CO 4 131 0 1243 2
CI 12 142 32 1
CO 4 131 0 1245 2
CI 12 142 32 1
CO 4 131 0 1247 2
CI 12 142 32 1
CO 4 131 0 1249 2
CI 12 142 32 1
CO 4 131 0 1251 2
CI 12 142 32 1
CO 4 131 0 1253 2
CI 12 142 32 1
CO 4 131 0 1255 2
CI 12 142 32 1
CO 4 131 0 1257 2
CI 12 142 32 1
CO 4 131 0 1259 2
CI 12 142 32 1
CO 4 131 0 1261 2
CI 12 142 32 1
CO 4 131 0 1263 2
CI 12 142 32 1
CO 4 131 0 1265 2
CI 12 142 32 1
CO 4 131 0 1267 2
CI 12 142 32 1
CO 4 131 0 1269 2
CI 12 142 32 1
CO 4 131 0 1271 2
CI 12 142 32 1
CO 4 131 0 1273 2
CI 12 142 32 1
CO 4 131 0 1275 2
CI 12 142 32 1
CO 4 131 0 1277 2
CI 12 142 32 1
CO 4 131 0 1279 2
CI 12 142 32 1
CO 4 131 0 1281 2
CI 12 142 32 1
CO 4 131 0 1283 2
CI 12 142 32 1
CO 4 131 0 1285 2
CI 12 142 32 1
CO 4 131 0 1287 2
CI 12 142 32 1
CO 4 131 0 1289 2
CI 12 142 32 1
CO 4 131 0 1291 2
CI 12 142 32 1
CO 4 131 0 1293 2
CI 12 142 32 1
CO 4 131 0 1295 2
CI 12 142 32 1
CO 4 131 0 1297 2
CI 12 142 32 1
CO 4 131 0 1299 2
CI 12 142 32 1
CO 4 131 0 1301 2
CI 12 142 32 1
CO 4 131 0 1303 2
CI 12 142 32 1
CO 4 131 0 1305 2
CI 12 142 32 1
CO 4 131 0 1307 2
CI 12 142 32 1
CO 4 131 0 1309 2
CI 12 142 32 1
CO 4 131 0 1311 2
CI 12 142 32 1
CO 4 131 0 1313 2
CI 12 142 32 1
CO 4 131 0 1315 2
CI 12 142 32 1
CO 4 131 0 1317 2
CI 12 142 32 1
CO 4 131 0 1319 2
CI 12 142 32 1
CO 4 131 0 1321 2
CI 12 142 32 1
CO 4 131 0 1323 2
CI 12 142 32 1
CO 4 131 0 1325 2
CI 12 142 32 1
CO 4 131 0 1327 2
CI 12 142 32 1
CO 4 131 0 1329 2
CI 12 142 32 1
CO 4 131 0 1331 2
CI 12 142 32 1
CO 4 131 0 1333 2
CI 12 142 32 1
CO 4 131 0 1335 2
CI 12 142 32 1
CO 4 131 0 1337 2
CI 12 142 32 1
CO 4 131 0 1339 2
CI 12 142 32 1
CO 4 131 0 1341 2
CI 12 142 32 1
CO 4 131 0 1343 2
CI 12 142 32 1
CO 4 131 0 1345 2
CI 12 142 32 1
CO 4 131 0 1347 2
CI 12 142 32 1
CO 4 131 0 1349 2
CI 12 142 32 1
CO 4 131 0 1351 2
CI 12 142 32 1
CO 4 131 0 1353 2
CI 12 142 32 1
CO 4 131 0 1355 2
CI 12 142 32 1
CO 4 131 0 1357 2
CI 12 142 32 1
CO 4 131 0 1359 2
CI 12 142 32 1
CO 4 131 0 1361 2
CI 12 142 32 1
CO 4 131 0 1363 2
CI 12 142 32 1
CO 4 131 0 1365 2
CI 12 142 32 1
CO 4 131 0 1367 2
CI 12 142 32 1
CO 4 131 0 1369 2
CI 12 142 32 1
CO 4 131 0 1371 2
CI 12 142 32 1
CO 4 131 0 1373 2
CI 12 142 32 1
CO 4 131 0 1375 2
CI 12 142 32 1
CO 4 131 0 1377 2
CI 12 142 32 1
CO 4 131 0 1379 6
CI 12 142 32 1
CO 4 131 0 1385 2
CI 12 142 32 1
CO 12 140 16 1387 1
CI 12 142 32 1
CO 12 140 19 1388 1
CI 12 142 32 1
CI 4 142 1570 2
CO 4 131 0 1389 2
CI 12 142 32 1
CO 4 131 0 1391 2
CI 12 142 32 1
CI 4 142 2082 2
CO 4 131 0 1393 2
CI 12 142 32 1
CO 4 131 0 1395 4
CI 12 142 32 1
CO 4 131 0 1399 4
CI 12 142 32 1
CO 4 131 0 1403 4
CI 12 142 32 1
CO 4 131 0 1407 2
CI 12 142 32 1
CO 4 131 0 1409 2
CI 12 142 32 1
CO 4 130 1 1411 8
CI 12 142 32 1
BO 1419 512
CO 4 130 1 1931 8
CI 12 142 32 1
BO 1939 512
CO 4 130 1 2451 8
CI 12 142 32 1
BO 2459 512
CO 4 130 1 2971 8
CI 12 142 32 1
BO 2979 64024
CI 4 142 290 2
CO 4 131 0 67003 2
CI 12 142 32 1
CO 4 131 0 67005 6
CI 12 142 32 1
CO 4 131 0 67011 6
CI 12 142 32 1
CO 4 131 0 67017 2
CI 12 142 32 1
CO 4 131 0 67019 2
CI 12 142 32 1
CO 4 131 0 67021 2
CI 12 142 32 1
CO 4 131 0 67023 4
CI 12 142 32 1
CO 4 131 0 67027 4
CI 12 142 32 1
CO 4 131 0 67031 4
CI 12 142 32 1
CO 4 131 0 67035 4
CI 12 142 32 1
CO 4 131 0 67039 4
CI 12 142 32 1
CO 4 131 0 67043 4
CI 12 142 32 1
CO 4 131 0 67047 4
CI 12 142 32 1
CO 4 131 0 67051 4
CI 12 142 32 1
CO 4 131 0 67055 4
CI 12 142 32 1
CO 4 131 0 67059 4
CI 12 142 32 1
CO 4 131 0 67063 4
CI 12 142 32 1
CO 4 131 0 67067 4
CI 12 142 32 1
CO 4 131 0 67071 2
CI 12 142 32 1
CI 4 142 290 2
CO 4 131 0 67073 2
CI 12 142 32 1
CO 4 130 1 67075 8
CI 12 142 32 1
BO 67083 512
CO 4 130 1 67595 8
CI 12 142 32 1
BO 67603 512
CO 4 130 1 68115 8
CI 12 142 32 1
BO 68123 512
CO 4 131 0 68635 4
CI 12 142 32 1
CO 4 131 0 68639 4
CI 12 142 32 1
CO 4 131 0 68643 4
CI 12 142 32 1
CO 4 131 0 68647 2
CI 12 142 32 1
CO 4 131 0 68649 2
CI 12 142 32 1
CO 4 140 23 68651 2
CI 12 142 32 1
CI 4 398 290 2
CI 4 398 34 2
CI 4 142 1314 2
CO 4 131 0 68653 2
CI 12 142 32 1
CO 4 131 0 68655 20
CI 12 142 32 1
CO 4 131 0 68675 6
CI 12 142 32 1
CO 4 131 0 68681 2
CI 12 142 32 1
CO 4 131 0 68683 2
CI 12 142 32 1
CI 4 142 290 2
CO 4 131 0 68685 2
CI 12 142 32 1
CO 4 131 0 68687 2
CI 12 142 32 1
CI 4 142 7458 2
CO 4 131 0 68689 2
CI 12 142 32 1
CI 4 142 546 2
CO 4 131 0 68691 2
CI 12 142 32 1
CO 4 131 0 68693 4
CI 12 142 32 1
CO 4 131 0 68697 4
CI 12 142 32 1
CI 4 142 40994 2
CO 4 131 0 68701 2
CI 12 142 32 1
CO 4 131 0 68703 2
CI 12 142 32 1
CO 4 130 1 68705 8
CI 12 142 32 1
BO 68713 2
CO 4 131 0 68715 4
CI 12 142 32 1
CO 4 130 1 68719 8
CI 12 142 32 1
BO 68727 2
CO 4 131 0 68729 4
CI 12 142 32 1
CO 4 130 1 68733 8
CI 12 142 32 1
BO 68741 2
CO 4 131 0 68743 4
CI 12 142 32 1
CI 4 142 40994 2
CO 4 131 0 68747 2
CI 12 142 32 1
CO 4 131 0 68749 2
CI 12 142 32 1
CO 4 130 1 68751 8
CI 12 142 32 1
BO 68759 48
CO 4 131 0 68807 4
CI 12 142 32 1
CO 4 130 1 68811 8
CI 12 142 32 1
BO 68819 48
CO 4 131 0 68867 4
CI 12 142 32 1
CO 4 131 0 68871 6
CI 12 142 32 1
CO 4 131 0 68877 4
CI 12 142 32 1
CO 4 131 0 68881 2
CI 12 142 32 1
CO 4 131 0 68883 2
CI 12 142 32 1
CO 4 131 0 68885 6
CI 12 142 32 1
CO 4 131 0 68891 2
CI 12 142 32 1
CO 4 131 0 68893 2
CI 12 142 32 1
CO 4 131 0 68895 2
CI 12 142 32 1
CO 4 131 0 68897 2
CI 12 142 32 1
CO 4 131 0 68899 2
CI 12 142 32 1
CO 4 131 0 68901 2
CI 12 142 32 1
CO 4 131 0 68903 2
CI 12 142 32 1
CO 4 131 0 68905 4
CI 12 142 32 1
CO 4 131 0 68909 4
CI 12 142 32 1
CO 4 131 0 68913 4
CI 12 142 32 1
CO 4 131 0 68917 4
CI 12 142 32 1
CO 4 131 0 68921 4
CI 12 142 32 1
CO 4 131 0 68925 4
CI 12 142 32 1
CO 4 131 0 68929 4
CI 12 142 32 1
CO 4 131 0 68933 4
CI 12 142 32 1
CO 4 131 0 68937 4
CI 12 142 32 1
CO 4 131 0 68941 4
CI 12 142 32 1
CO 4 131 0 68945 4
CI 12 142 32 1
CO 4 131 0 68949 4
CI 12 142 32 1
CO 4 131 0 68953 2
CI 12 142 32 1
CI 4 142 7202 2
CO 4 131 0 68955 6
CI 12 142 32 1
CO 4 131 0 68961 6
CI 12 142 32 1
CO 4 131 0 68967 6
CI 12 142 32 1
CO 4 131 0 68973 6
CI 12 142 32 1
CI 4 142 3106 2
CO 4 131 0 68979 2
CI 12 142 32 1
CO 4 131 0 68981 2
CI 12 142 32 1
CO 4 131 0 68983 2
CI 12 142 32 1
CO 4 131 0 68985 2
CI 12 142 32 1
CI 4 398 1570 2
CI 4 398 1826 2
CO 4 131 0 68987 6
CI 12 142 32 1
CO 4 131 0 68993 2
CI 12 142 32 1
CO 4 131 0 68995 6
CI 12 142 32 1
CO 4 131 0 69001 6
CI 12 142 32 1
CO 4 131 0 69007 6
CI 12 142 32 1
CI 4 142 546 2
CO 4 131 0 69013 2
CI 12 142 32 1
CI 4 142 290 2
CO 4 131 0 69015 2
CI 12 142 32 1
CO 4 131 0 69017 2
CI 12 142 32 1
CO 4 131 0 69019 6
CI 12 142 32 1
CI 4 142 1314 2
CO 4 131 0 69025 2
CI 12 142 32 1
CI 4 142 290 2
CO 4 131 0 69027 2
CI 12 142 32 1
CI 4 142 2082 2
CO 4 131 0 69029 2
CI 12 142 32 1
CI 4 142 7714 2
CO 4 131 0 69031 2
CI 12 142 32 1
CI 4 142 7714 2
CO 4 131 0 69033 2
CI 12 142 32 1
CI 4 142 7714 2
CO 4 131 0 69035 2
CI 12 142 32 1
CI 4 142 6946 2
CO 4 131 0 69037 2
CI 12 142 32 1
CI 4 142 290 2
CO 4 131 0 69039 2
CI 12 142 32 1
CO 4 131 0 69041 4
CI 12 142 32 1
CO 4 131 0 69045 4
CI 12 142 32 1
CO 4 131 0 69049 4
CI 12 142 32 1
CI 4 142 5922 2
CO 4 131 0 69053 2
CI 12 142 32 1
CI 4 142 5410 2
CO 4 131 0 69055 2
CI 12 142 32 1
CI 4 142 12322 2
CO 4 131 0 69057 2
CI 12 142 32 1
CI 4 142 14370 2
CO 4 131 0 69059 2
CI 12 142 32 1
CI 4 142 14370 2
CO 4 131 0 69061 2
CI 12 142 32 1
CI 4 142 1570 2
CO 4 131 0 69063 2
CI 12 142 32 1
CI 4 142 4898 2
CO 4 131 0 69065 2
CI 12 142 32 1
CI 4 142 3106 2
CO 4 131 0 69067 2
CI 12 142 32 1
CI 4 142 1058 2
CO 4 131 0 69069 2
CI 12 142 32 1
CI 4 142 13858 2
CO 4 131 0 69071 2
CI 12 142 32 1
CI 4 142 20258 2
CO 4 131 0 69073 2
CI 12 142 32 1
CI 4 142 7714 2
CO 4 131 0 69075 2
CI 12 142 32 1
CI 4 142 4898 2
CO 4 131 0 69077 2
CI 12 142 32 1
CO 4 131 0 69079 4
CI 12 142 32 1
CI 4 142 4642 2
CO 4 131 0 69083 2
CI 12 142 32 1
CI 4 142 28706 2
CO 4 131 0 69085 2
CI 12 142 32 1
CI 4 142 28962 2
CO 4 131 0 69087 2
CI 12 142 32 1
CI 4 142 2082 2
CO 4 131 0 69089 2
CI 12 142 32 1
CI 4 142 290 2
CO 4 131 0 69091 2
CI 12 142 32 1
CO 4 131 0 69093 2
CI 12 142 32 1
CO 4 131 0 69095 2
CI 12 142 32 1
CO 4 131 0 69097 2
CI 12 142 32 1
CO 4 131 0 69099 4
CI 12 142 32 1
CO 4 131 0 69103 4
CI 12 142 32 1
CO 4 131 0 69107 6
CI 12 142 32 1
CO 4 131 0 69113 6
CI 12 142 32 1
CO 4 131 0 69119 2
CI 12 142 32 1
CO 4 131 0 69121 2
CI 12 142 32 1
CI 4 142 546 2
CO 4 131 0 69123 2
CI 12 142 32 1
CO 4 131 0 69125 4
CI 12 142 32 1
CI 4 142 13602 2
CO 4 131 0 69129 2
CI 12 142 32 1
CI 4 142 13602 2
CO 4 131 0 69131 2
CI 12 142 32 1
CI 4 142 12322 2
CO 4 131 0 69133 2
CI 12 142 32 1
CI 4 142 12322 2
CO 4 131 0 69135 2
CI 12 142 32 1
CI 4 142 15138 2
CO 4 131 0 69137 2
CI 12 142 32 1
CI 4 142 15394 2
CO 4 131 0 69139 2
CI 12 142 32 1
CI 4 142 15138 2
CO 4 131 0 69141 2
CI 12 142 32 1
CI 4 142 15394 2
CO 4 131 0 69143 2
CI 12 142 32 1
CI 4 142 15138 2
CO 4 131 0 69145 2
CI 12 142 32 1
CI 4 142 15394 2
CO 4 131 0 69147 2
CI 12 142 32 1
CO 4 131 0 69149 2
CI 12 142 32 1
CI 4 142 1058 2
CO 4 131 0 69151 2
CI 12 142 32 1
CI 4 142 42018 3
CO 4 131 0 69153 6
CI 12 142 32 1
CI 4 142 23074 2
CO 4 131 0 69159 2
CI 12 142 32 1
CI 4 142 23074 2
CO 4 131 0 69161 2
CI 12 142 32 1
CI 4 142 23330 2
CO 4 131 0 69163 2
CI 12 142 32 1
CI 4 142 23330 2
CO 4 131 0 69165 2
CI 12 142 32 1
CO 4 131 0 69167 2
CI 12 142 32 1
CO 4 131 0 69169 2
CI 12 142 32 1
CO 4 131 0 69171 2
CI 12 142 32 1
CO 4 131 0 69173 2
CI 12 142 32 1
CI 4 142 6690 2
CO 4 131 0 69175 2
CI 12 142 32 1
CO 4 131 0 69177 2
CI 12 142 32 1
CO 4 131 0 69179 2
CI 12 142 32 1
CO 4 131 0 69181 2
CI 12 142 32 1
CO 4 131 0 69183 2
CI 12 142 32 1
CO 4 131 0 69185 2
CI 12 142 32 1
CO 4 131 0 69187 2
CI 12 142 32 1
CI 4 142 24866 2
CO 4 131 0 69189 2
CI 12 142 32 1
CI 4 142 24354 2
CO 4 131 0 69191 2
CI 12 142 32 1
CI 4 142 24354 2
CO 4 131 0 69193 2
CI 12 142 32 1
CI 4 142 290 2
CO 4 131 0 69195 2
CI 12 142 32 1
CI 4 142 2594 2
CO 4 131 0 69197 2
CI 12 142 32 1
CO 4 131 0 69199 2
CI 12 142 32 1
CO 4 131 0 69201 2
CI 12 142 32 1
CI 4 142 24354 2
CO 4 131 0 69203 2
CI 12 142 32 1
CO 4 131 0 69205 6
CI 12 142 32 1
CO 4 131 0 69211 6
CI 12 142 32 1
CO 4 131 0 69217 2
CI 12 142 32 1
CI 4 142 41250 2
CO 4 131 0 69219 2
CI 12 142 32 1
CO 4 131 0 69221 6
CI 12 142 32 1
CO 4 131 0 69227 6
CI 12 142 32 1
CO 4 131 0 69233 6
CI 12 142 32 1
CO 4 131 0 69239 6
CI 12 142 32 1
CO 4 131 0 69245 6
CI 12 142 32 1
CI 4 142 2850 2
CO 4 131 0 69251 2
CI 12 142 32 1
CI 4 142 14370 2
CO 4 131 0 69253 2
CI 12 142 32 1
CI 4 142 14114 2
CO 4 131 0 69255 2
CI 12 142 32 1
CO 4 131 0 69257 2
CI 12 142 32 1
CI 4 142 290 2
CO 4 131 0 69259 2
CI 12 142 32 1
CI 4 142 290 2
CO 4 131 0 69261 2
CI 12 142 32 1
CO 4 131 0 69263 6
CI 12 142 32 1
CO 4 131 0 69269 6
CI 12 142 32 1
CI 4 142 11042 2
CO 4 131 0 69275 2
CI 12 142 32 1
CO 4 131 0 69277 2
CI 12 142 32 1
CO 4 131 0 69279 2
CI 12 142 32 1
CO 4 131 0 69281 2
