CI 6 256 0 18
CI 6 512 0 39
CO 9 1 0 0 0
CI 4 142 2594 2
CO 4 131 0 0 2
CI 12 142 32 1
CI 4 142 290 2
CO 4 131 0 2 2
CI 12 142 32 1
CI 4 142 1570 2
CI 4 142 1570 2
CO 4 131 0 4 2
CI 12 142 32 1
CI 4 142 13858 2
CO 4 131 0 6 2
CI 12 142 32 1
CI 4 142 13090 2
CO 4 131 0 8 2
CI 12 142 32 1
CI 4 142 13602 2
CO 4 131 0 10 2
CI 12 142 32 1
CI 4 142 12834 2
CO 4 131 0 12 2
CI 12 142 32 1
CI 4 142 13858 2
CO 4 131 0 14 2
CI 12 142 32 1
CI 4 142 13090 2
CO 4 131 0 16 2
CI 12 142 32 1
CI 4 142 13602 2
CO 4 131 0 18 2
CI 12 142 32 1
CI 4 142 12834 2
CO 4 131 0 20 2
CI 12 142 32 1
CI 4 142 13602 2
CO 4 131 0 22 2
CI 12 142 32 1
CI 4 142 12834 2
CO 4 131 0 24 2
CI 12 142 32 1
CI 4 142 13602 2
CO 4 131 0 26 2
CI 12 142 32 1
CI 4 142 12834 2
CO 4 131 0 28 2
CI 12 142 32 1
CI 4 142 2850 2
CO 4 131 0 30 2
CI 12 142 32 1
CI 4 142 4898 2
CO 4 131 0 32 2
CI 12 142 32 1
CI 4 142 5410 2
CO 4 131 0 34 2
CI 12 142 32 1
CI 4 142 2850 2
CO 4 131 0 36 2
CI 12 142 32 1
CI 4 142 546 2
CO 4 131 0 38 2
CI 12 142 32 1
CI 4 142 5410 2
CO 4 131 0 40 2
CI 12 142 32 1
CI 4 142 5410 2
CO 4 131 0 42 2
CI 12 142 32 1
CI 4 142 14370 2
CO 4 131 0 44 2
CI 12 142 32 1
CI 4 142 2594 2
CO 4 131 0 46 2
CI 12 142 32 1
CI 4 132 57888 4
CO 12 131 57440 48 1
CO 4 131 57632 49 4
CO 12 131 57344 53 1
CO 12 140 21 54 1
CI 12 142 32 1
CI 4 142 1570 2
CO 12 140 21 55 1
CI 12 142 32 1
CO 4 131 0 56 6
CI 12 142 32 1
CO 4 131 0 62 6
CI 12 142 32 1
CI 4 142 802 2
CO 4 131 0 68 2
CI 12 142 32 1
CI 4 398 290 2
CI 4 398 34 2
CI 4 142 1314 2
CO 4 131 0 70 2
CI 12 142 32 1
CO 4 131 0 72 20
CI 12 142 32 1
CO 4 131 0 92 6
CI 12 142 32 1
CO 4 131 0 98 2
CI 12 142 32 1
CO 4 131 0 100 2
CI 12 142 32 1
CI 4 142 290 2
CO 4 131 0 102 2
CI 12 142 32 1
CO 4 131 0 104 2
CI 12 142 32 1
CI 4 142 7458 2
CO 4 131 0 106 2
CI 12 142 32 1
CI 4 142 546 2
CO 4 131 0 108 2
CI 12 142 32 1
CO 4 131 0 110 4
CI 12 142 32 1
CO 4 131 0 114 4
CI 12 142 32 1
CI 4 142 40994 2
CO 4 131 0 118 2
CI 12 142 32 1
CO 4 131 0 120 2
CI 12 142 32 1
CO 4 130 1 122 8
CI 12 142 32 1
BO 130 10
CO 4 131 0 140 4
CI 12 142 32 1
CO 4 130 1 144 8
CI 12 142 32 1
BO 152 10
CO 4 131 0 162 4
CI 12 142 32 1
CO 4 131 0 166 6
CI 12 142 32 1
CO 4 131 0 172 4
CI 12 142 32 1
CO 4 131 0 176 2
CI 12 142 32 1
CO 4 131 0 178 2
CI 12 142 32 1
CO 4 131 0 180 6
CI 12 142 32 1
CO 4 131 0 186 2
CI 12 142 32 1
CO 4 131 0 188 2
CI 12 142 32 1
CO 4 131 0 190 2
CI 12 142 32 1
CO 4 131 0 192 2
CI 12 142 32 1
CO 4 131 0 194 2
CI 12 142 32 1
CO 4 131 0 196 2
CI 12 142 32 1
CO 4 131 0 198 2
CI 12 142 32 1
CO 4 131 0 200 4
CI 12 142 32 1
CO 4 131 0 204 4
CI 12 142 32 1
CO 4 131 0 208 4
CI 12 142 32 1
CO 4 131 0 212 4
CI 12 142 32 1
CO 4 131 0 216 4
CI 12 142 32 1
CO 4 131 0 220 4
CI 12 142 32 1
CO 4 131 0 224 4
CI 12 142 32 1
CO 4 131 0 228 4
CI 12 142 32 1
CO 4 131 0 232 4
CI 12 142 32 1
CO 4 131 0 236 4
CI 12 142 32 1
CO 4 131 0 240 4
CI 12 142 32 1
CO 4 131 0 244 4
CI 12 142 32 1
CO 4 131 0 248 2
CI 12 142 32 1
CI 4 142 7202 2
CO 4 131 0 250 6
CI 12 142 32 1
CO 4 131 0 256 6
CI 12 142 32 1
CO 4 131 0 262 6
CI 12 142 32 1
CO 4 131 0 268 6
CI 12 142 32 1
CO 4 131 0 274 2
CI 12 142 32 1
CO 4 131 0 276 2
CI 12 142 32 1
CO 4 131 0 278 2
CI 12 142 32 1
CI 4 398 1570 2
CI 4 398 1826 2
CO 4 131 0 280 6
CI 12 142 32 1
CO 4 131 0 286 6
CI 12 142 32 1
CO 4 131 0 292 6
CI 12 142 32 1
CO 4 131 0 298 6
CI 12 142 32 1
CI 4 142 546 2
CO 4 131 0 304 2
CI 12 142 32 1
CI 4 142 290 2
CO 4 131 0 306 2
CI 12 142 32 1
CO 4 131 0 308 2
CI 12 142 32 1
CO 4 131 0 310 6
CI 12 142 32 1
CI 4 142 13858 2
CO 4 131 0 316 2
CI 12 142 32 1
CI 4 142 13090 2
CO 4 131 0 318 2
CI 12 142 32 1
CI 4 142 1314 2
CO 4 131 0 320 2
CI 12 142 32 1
CI 4 142 290 2
CO 4 131 0 322 2
CI 12 142 32 1
CI 4 142 2082 2
CO 4 131 0 324 2
CI 12 142 32 1
CI 4 142 7714 2
CO 4 131 0 326 2
CI 12 142 32 1
CI 4 142 7714 2
CO 4 131 0 328 2
CI 12 142 32 1
CI 4 142 7714 2
CO 4 131 0 330 2
CI 12 142 32 1
CI 4 142 6946 2
CO 4 131 0 332 2
CI 12 142 32 1
CI 4 142 290 2
CO 4 131 0 334 2
CI 12 142 32 1
CO 4 131 0 336 4
CI 12 142 32 1
CO 4 131 0 340 4
CI 12 142 32 1
CO 4 131 0 344 4
CI 12 142 32 1
CI 4 142 5922 2
CO 4 131 0 348 2
CI 12 142 32 1
CI 4 142 5410 2
CO 4 131 0 350 2
CI 12 142 32 1
CI 4 142 12322 2
CO 4 131 0 352 2
CI 12 142 32 1
CI 4 142 14370 2
CO 4 131 0 354 2
CI 12 142 32 1
CI 4 142 14370 2
CO 4 131 0 356 2
CI 12 142 32 1
CI 4 142 1570 2
CO 4 131 0 358 2
CI 12 142 32 1
CI 4 142 4898 2
CO 4 131 0 360 2
CI 12 142 32 1
CI 4 142 3106 2
CO 4 131 0 362 2
CI 12 142 32 1
CI 4 142 1058 2
CO 4 131 0 364 2
CI 12 142 32 1
CI 4 142 13858 2
CO 4 131 0 366 2
CI 12 142 32 1
CI 4 142 20258 2
CO 4 131 0 368 2
CI 12 142 32 1
CI 4 142 7714 2
CO 4 131 0 370 2
CI 12 142 32 1
CI 4 142 4898 2
CO 4 131 0 372 2
CI 12 142 32 1
CO 4 131 0 374 4
CI 12 142 32 1
CI 4 142 4642 2
CO 4 131 0 378 2
CI 12 142 32 1
CI 4 142 28706 2
CO 4 131 0 380 2
CI 12 142 32 1
CI 4 142 28962 2
CO 4 131 0 382 2
CI 12 142 32 1
CI 4 142 2082 2
CO 4 131 0 384 2
CI 12 142 32 1
CI 4 142 290 2
CO 4 131 0 386 2
CI 12 142 32 1
CO 4 131 0 388 2
CI 12 142 32 1
CO 4 131 0 390 2
CI 12 142 32 1
CO 4 131 0 392 4
CI 12 142 32 1
CI 4 142 1058 2
CO 4 131 0 396 2
CI 12 142 32 1
CI 4 142 3106 2
CO 4 131 0 398 2
CI 12 142 32 1
CO 4 131 0 400 2
CI 12 142 32 1
CO 4 131 0 402 4
CI 12 142 32 1
CI 4 142 8482 3
CI 4 142 7970 3
CO 4 131 0 406 4
CI 12 142 32 1
CO 4 131 0 410 6
CI 12 142 32 1
CO 4 131 0 416 6
CI 12 142 32 1
CO 4 131 0 422 2
CI 12 142 32 1
CI 4 142 13602 2
CO 4 131 0 424 2
CI 12 142 32 1
CI 4 142 13602 2
CO 4 131 0 426 2
CI 12 142 32 1
CI 4 142 12322 2
CO 4 131 0 428 2
CI 12 142 32 1
CI 4 142 12322 2
CO 4 131 0 430 2
CI 12 142 32 1
CI 4 142 15138 2
CO 4 131 0 432 2
CI 12 142 32 1
CI 4 142 15394 2
CO 4 131 0 434 2
CI 12 142 32 1
CI 4 142 15138 2
CO 4 131 0 436 2
CI 12 142 32 1
CI 4 142 15394 2
CO 4 131 0 438 2
CI 12 142 32 1
CI 4 142 15138 2
CO 4 131 0 440 2
CI 12 142 32 1
CI 4 142 15394 2
CO 4 131 0 442 2
CI 12 142 32 1
CI 4 142 23074 2
CO 4 131 0 444 2
CI 12 142 32 1
CI 4 142 23074 2
CO 4 131 0 446 2
CI 12 142 32 1
CI 4 142 23330 2
CO 4 131 0 448 2
CI 12 142 32 1
CI 4 142 23330 2
CO 4 131 0 450 2
CI 12 142 32 1
CO 4 131 0 452 2
CI 12 142 32 1
CO 4 131 0 454 2
CI 12 142 32 1
CO 4 131 0 456 2
CI 12 142 32 1
CO 4 131 0 458 2
CI 12 142 32 1
CI 4 142 6690 2
CO 4 131 0 460 2
CI 12 142 32 1
CO 4 131 0 462 2
CI 12 142 32 1
CO 4 131 0 464 2
CI 12 142 32 1
CO 4 131 0 466 2
CI 12 142 32 1
CO 4 131 0 468 2
CI 12 142 32 1
CO 4 131 0 470 2
CI 12 142 32 1
CO 4 131 0 472 2
CI 12 142 32 1
CI 4 142 24866 2
CO 4 131 0 474 2
CI 12 142 32 1
CI 4 142 24354 2
CO 4 131 0 476 2
CI 12 142 32 1
CI 4 142 24354 2
CO 4 131 0 478 2
CI 12 142 32 1
CO 4 131 0 480 6
CI 12 142 32 1
CO 4 131 0 486 6
CI 12 142 32 1
CO 4 131 0 492 6
CI 12 142 32 1
CI 4 142 2594 2
CO 4 131 0 498 2
CI 12 142 32 1
CO 4 131 0 500 2
CI 12 142 32 1
CI 4 142 24354 2
CO 4 131 0 502 2
CI 12 142 32 1
CI 4 142 14370 2
CO 4 131 0 504 2
CI 12 142 32 1
CI 4 142 14114 2
CO 4 131 0 506 2
CI 12 142 32 1
CO 4 131 0 508 2
CI 12 142 32 1
CI 4 142 290 2
CO 4 131 0 510 2
CI 12 142 32 1
CI 4 142 290 2
CO 4 131 0 512 2
CI 12 142 32 1
CO 4 131 0 514 2
CI 12 142 32 1
CO 4 131 0 516 2
CI 12 142 32 1
CO 4 131 0 518 2
CO 4 131 0 520 2
CO 4 131 0 522 2
CO 4 131 0 524 2
CO 4 131 0 526 2
CO 4 131 0 528 2
CO 4 131 0 530 2
CO 4 131 0 532 2
CO 4 131 0 534 2
CO 4 131 0 536 2
CO 4 131 0 538 2
CO 4 131 0 540 2
CO 4 131 0 542 2
CO 4 131 0 544 2
CO 4 131 0 546 2
CO 4 131 0 548 2
CO 4 131 0 550 2
CO 4 131 0 552 2
CO 4 131 0 554 2
CO 4 131 0 556 2
CO 4 131 0 558 2
CO 4 131 0 560 2
CO 4 131 0 562 2
CO 4 131 0 564 2
CO 4 131 0 566 2
CO 4 131 0 568 2
CO 4 131 0 570 2
CO 4 131 0 572 2
CO 4 131 0 574 2
CO 4 131 0 576 2
CO 4 131 0 578 2
CI 12 142 32 1
BI 65508
BI 65508
BI 65508
BI 256
CO 4 131 0 580 2
CI 12 142 32 1
CO 4 131 0 582 2
CI 12 142 32 1
CO 4 131 0 584 2
CI 12 142 32 1
CO 4 131 0 586 2
CI 12 142 32 1
CI 4 142 2594 2
CO 4 131 0 588 2
CI 12 142 32 1
CI 4 142 290 2
CO 4 131 0 590 2
CI 12 142 32 1
CO 4 131 0 592 2
CI 12 142 32 1
CO 4 131 0 594 2
CI 12 142 32 1
CO 4 131 0 596 2
CI 12 142 32 1
CO 4 131 0 598 2
CI 12 142 32 1
CI 4 398 290 2
CI 4 398 290 2
CI 4 398 290 2
CI 4 398 290 2
CI 4 398 290 2
CI 4 398 290 2
CI 4 398 290 2
CI 4 398 290 2
CI 4 398 290 2
CI 4 398 290 2
CI 4 398 290 2
CI 4 398 290 2
CI 4 398 290 2
CI 4 398 290 2
CI 4 398 290 2
CI 4 398 290 2
CI 4 398 290 2
CI 4 398 290 2
CI 4 398 290 2
CI 4 398 290 2
CI 4 398 290 2
CI 4 398 290 2
CI 4 398 290 2
CI 4 398 290 2
CI 4 398 290 2
CI 4 398 290 2
CI 4 398 290 2
CI 4 398 290 2
CI 4 398 290 2
CI 4 398 290 2
CI 4 398 290 2
CI 4 398 290 2
CI 4 398 290 2
CI 4 398 290 2
CI 4 398 290 2
CI 4 398 290 2
CI 4 398 290 2
CI 4 398 290 2
CI 4 398 290 2
CI 4 398 290 2
CI 4 398 290 2
CI 4 398 290 2
CI 4 398 290 2
CI 4 398 290 2
CI 4 398 290 2
CI 4 398 290 2
CI 4 398 290 2
CI 4 398 290 2
CI 4 398 290 2
CI 4 398 290 2
CI 4 398 290 2
CI 4 398 290 2
CI 4 398 290 2
CI 4 398 290 2
CI 4 398 290 2
CI 4 398 290 2
CI 4 398 290 2
CI 4 398 290 2
CI 4 398 290 2
CI 4 398 290 2
CI 4 398 290 2
CI 4 398 290 2
CI 4 398 290 2
CI 4 398 290 2
CI 4 398 290 2
CI 4 398 290 2
CI 4 398 290 2
CI 4 398 290 2
CI 4 398 290 2
CI 4 398 290 2
CI 4 398 290 2
CI 4 398 290 2
CI 4 398 290 2
CI 4 398 290 2
CI 4 398 290 2
CI 4 398 290 2
CI 4 398 290 2
CI 4 398 290 2
CI 4 398 290 2
CI 4 398 290 2
CI 4 398 290 2
CI 4 398 290 2
CI 4 398 290 2
CI 4 398 290 2
CI 4 398 290 2
CI 4 398 290 2
CI 4 398 290 2
CI 4 398 290 2
CI 4 398 290 2
CI 4 398 290 2
CI 4 398 290 2
CI 4 398 290 2
CI 4 398 290 2
CI 4 398 290 2
CI 4 398 290 2
CI 4 398 290 2
CI 4 398 290 2
CI 4 398 290 2
CI 4 398 290 2
CI 4 398 290 2
CI 4 398 290 2
CI 4 398 290 2
CI 4 398 290 2
CI 4 398 290 2
CI 4 398 290 2
CI 4 398 290 2
CI 4 398 290 2
CI 4 398 290 2
CI 4 398 290 2
CI 4 398 290 2
CI 4 398 290 2
CI 4 398 290 2
CI 4 398 290 2
CI 4 398 290 2
CI 4 398 290 2
CI 4 398 290 2
CI 4 398 290 2
CI 4 398 290 2
CI 4 398 290 2
CI 4 398 290 2
CI 4 398 290 2
CI 4 398 290 2
CI 4 398 290 2
CI 4 398 290 2
CI 4 398 290 2
CI 4 398 290 2
CI 4 398 290 2
CI 4 398 290 2
CI 4 398 290 2
CI 4 398 290 2
CI 4 398 290 2
CI 4 398 290 2
CI 4 398 290 2
CI 4 398 290 2
CI 4 398 290 2
CI 4 398 290 2
CI 4 398 290 2
CI 4 398 290 2
CI 4 398 290 2
CI 4 398 290 2
CI 4 398 290 2
CI 4 398 290 2
CI 4 398 290 2
CI 4 398 290 2
CI 4 398 290 2
CI 4 398 290 2
CI 4 398 290 2
CI 4 398 290 2
CI 4 398 290 2
CI 4 398 290 2
CI 4 398 290 2
CI 4 398 290 2
CI 4 398 290 2
CI 4 398 290 2
CI 4 398 290 2
CI 4 398 290 2
CI 4 398 290 2
CI 4 398 290 2
CI 4 398 290 2
CI 4 398 290 2
CI 4 398 290 2
CI 4 398 290 2
CI 4 398 290 2
CI 4 398 290 2
CI 4 398 290 2
CI 4 398 290 2
CI 4 398 290 2
CI 4 398 290 2
CI 4 398 290 2
CI 4 398 290 2
CI 4 398 290 2
CI 4 398 290 2
CI 4 398 290 2
CI 4 398 290 2
CI 4 398 290 2
CI 4 398 290 2
CI 4 398 290 2
CI 4 398 290 2
CI 4 398 290 2
CI 4 398 290 2
CI 4 398 290 2
CI 4 398 290 2
CI 4 398 290 2
CI 4 398 290 2
CI 4 398 290 2
CI 4 398 290 2
CI 4 398 290 2
CI 4 398 290 2
CI 4 398 290 2
CI 4 398 290 2
CI 4 398 290 2
CI 4 398 290 2
CI 4 398 290 2
CI 4 398 290 2
CI 4 398 290 2
CI 4 398 290 2
CI 4 398 290 2
CI 4 398 290 2
CI 4 398 290 2
CI 4 398 290 2
CI 4 398 290 2
CI 4 398 290 2
CI 4 398 290 2
CI 4 398 290 2
CI 4 398 290 2
CI 4 398 290 2
CI 4 398 290 2
CI 4 398 290 2
CI 4 398 290 2
CI 4 398 290 2
CI 4 398 290 2
CI 4 398 290 2
CI 4 398 290 2
CI 4 398 290 2
CI 4 398 290 2
CI 4 398 290 2
CI 4 398 290 2
CI 4 398 290 2
CI 4 398 290 2
CI 4 398 290 2
CI 4 398 290 2
CI 4 398 290 2
CI 4 398 290 2
CI 4 398 290 2
CI 4 398 290 2
CI 4 398 290 2
CI 4 398 290 2
CI 4 398 290 2
CI 4 398 290 2
CI 4 398 290 2
CI 4 398 290 2
CI 4 142 802 2
CO 4 131 0 600 2
CI 12 142 32 1
CO 12 140 21 602 1
CI 12 142 32 1
CI 4 142 2850 2
CO 4 131 0 603 2
CI 12 142 32 1
CO 4 130 1 605 8
CI 12 142 32 1
BO 613 8
CI 4 398 290 2
CI 4 142 802 2
CI 4 142 802 2
CI 4 398 290 2
CI 4 142 802 2
CI 4 398 290 2
CO 4 131 0 621 64
CI 12 142 32 1
CO 4 131 0 685 64
CI 12 142 32 1
CO 4 131 0 749 64
CI 12 142 32 1
CO 4 131 0 813 64
CI 12 142 32 1
CO 4 131 0 877 8
CI 12 142 32 1
CO 4 131 0 885 2
CI 12 142 32 1
CO 4 131 0 887 6
CI 12 142 32 1
CO 4 131 0 893 6
CI 12 142 32 1
CO 4 131 0 899 6
CI 12 142 32 1
CO 4 131 0 905 20
CI 12 142 32 1
CO 4 131 0 925 2
CI 12 142 32 1
CI 4 142 1570 2
CO 4 131 0 927 2
CI 12 142 32 1
CI 4 142 50210 2
CI 4 142 50210 2
CI 4 142 13858 2
CO 4 131 0 929 2
CI 12 142 32 1
CI 4 142 13090 2
CO 4 131 0 931 2
CI 12 142 32 1
CI 4 142 13602 2
CO 4 131 0 933 2
CI 12 142 32 1
CI 4 142 12834 2
CO 4 131 0 935 2
CI 12 142 32 1
CI 4 142 13858 2
CO 4 131 0 937 2
CI 12 142 32 1
CI 4 142 13090 2
CO 4 131 0 939 2
CI 12 142 32 1
CI 4 142 13602 2
CO 4 131 0 941 2
CI 12 142 32 1
CI 4 142 12834 2
CO 4 131 0 943 2
CI 12 142 32 1
CI 4 142 13602 2
CO 4 131 0 945 2
CI 12 142 32 1
CI 4 142 12834 2
CO 4 131 0 947 2
CI 12 142 32 1
CI 4 142 13602 2
CO 4 131 0 949 2
CI 12 142 32 1
CI 4 142 12834 2
CO 4 131 0 951 2
CI 12 142 32 1
CI 4 142 2850 2
CO 4 131 0 953 2
CI 12 142 32 1
CI 4 142 4898 2
CO 4 131 0 955 2
CI 12 142 32 1
CI 4 142 5410 2
CO 4 131 0 957 2
CI 12 142 32 1
CI 4 142 2594 2
CO 4 131 0 959 2
CI 12 142 32 1
CO 4 131 0 961 6
CI 12 142 32 1
CO 4 131 0 967 6
CI 12 142 32 1
CO 4 131 0 973 2
CI 12 142 32 1
CO 4 131 0 975 2
CI 12 142 32 1
CO 4 131 0 977 2
CI 12 142 32 1
CO 4 131 0 979 2
CI 12 142 32 1
CO 4 131 0 981 2
CI 12 142 32 1
CO 4 131 0 983 2
CI 12 142 32 1
CO 4 131 0 985 2
CI 12 142 32 1
CO 4 131 0 987 2
CI 12 142 32 1
CO 4 131 0 989 2
CI 12 142 32 1
CO 4 131 0 991 2
CI 12 142 32 1
CO 4 131 0 993 2
CI 12 142 32 1
CO 4 131 0 995 2
CI 12 142 32 1
CO 4 131 0 997 2
CI 12 142 32 1
CO 4 131 0 999 2
CI 12 142 32 1
CO 4 131 0 1001 2
CI 12 142 32 1
CO 4 131 0 1003 2
CI 12 142 32 1
CO 4 131 0 1005 2
CI 12 142 32 1
CO 4 131 0 1007 2
CI 12 142 32 1
CO 4 131 0 1009 2
CI 12 142 32 1
CO 4 131 0 1011 2
CI 12 142 32 1
CO 4 131 0 1013 2
CI 12 142 32 1
CO 4 131 0 1015 2
CI 12 142 32 1
CO 4 131 0 1017 2
CI 12 142 32 1
CO 4 131 0 1019 2
CI 12 142 32 1
CO 4 131 0 1021 2
CI 12 142 32 1
CO 4 131 0 1023 2
CI 12 142 32 1
CO 4 131 0 1025 2
CI 12 142 32 1
CO 4 131 0 1027 2
CI 12 142 32 1
CO 4 131 0 1029 2
CI 12 142 32 1
CO 4 131 0 1031 2
CI 12 142 32 1
CO 4 131 0 1033 2
CI 12 142 32 1
CO 4 131 0 1035 2
CI 12 142 32 1
CO 4 131 0 1037 2
CI 12 142 32 1
CO 4 131 0 1039 2
CI 12 142 32 1
CO 4 131 0 1041 2
CI 12 142 32 1
CO 4 131 0 1043 2
CI 12 142 32 1
CO 4 131 0 1045 2
CI 12 142 32 1
CO 4 131 0 1047 2
CI 12 142 32 1
CO 4 131 0 1049 2
CI 12 142 32 1
CO 4 131 0 1051 2
CI 12 142 32 1
CO 4 131 0 1053 2
CI 12 142 32 1
CO 4 131 0 1055 2
CI 12 142 32 1
CO 4 131 0 1057 2
CI 12 142 32 1
CO 4 131 0 1059 2
CI 12 142 32 1
CO 4 131 0 1061 2
CI 12 142 32 1
CO 4 131 0 1063 2
CI 12 142 32 1
CO 4 131 0 1065 2
CI 12 142 32 1
CO 4 131 0 1067 2
CI 12 142 32 1
CO 4 131 0 1069 2
CI 12 142 32 1
CO 4 131 0 1071 2
CI 12 142 32 1
CO 4 131 0 1073 2
CI 12 142 32 1
CO 4 131 0 1075 2
CI 12 142 32 1
CO 4 131 0 1077 2
CI 12 142 32 1
CO 4 131 0 1079 2
CI 12 142 32 1
CO 4 131 0 1081 2
CI 12 142 32 1
CO 4 131 0 1083 2
CI 12 142 32 1
CO 4 131 0 1085 2
CI 12 142 32 1
CO 4 131 0 1087 2
CI 12 142 32 1
CO 4 131 0 1089 2
CI 12 142 32 1
CO 4 131 0 1091 2
CI 12 142 32 1
CO 4 131 0 1093 2
CI 12 142 32 1
CO 4 131 0 1095 2
CI 12 142 32 1
CO 4 131 0 1097 2
CI 12 142 32 1
CO 4 131 0 1099 2
CI 12 142 32 1
CO 4 131 0 1101 2
CI 12 142 32 1
CO 4 131 0 1103 2
CI 12 142 32 1
CO 4 131 0 1105 2
CI 12 142 32 1
CO 4 131 0 1107 2
CI 12 142 32 1
CO 4 131 0 1109 2
CI 12 142 32 1
CO 4 131 0 1111 2
CI 12 142 32 1
CO 4 131 0 1113 2
CI 12 142 32 1
CO 4 131 0 1115 2
CI 12 142 32 1
CO 4 131 0 1117 2
CI 12 142 32 1
CO 4 131 0 1119 2
CI 12 142 32 1
CO 4 131 0 1121 2
CI 12 142 32 1
CO 4 131 0 1123 2
CI 12 142 32 1
CO 4 131 0 1125 2
CI 12 142 32 1
CO 4 131 0 1127 2
CI 12 142 32 1
CO 4 131 0 1129 2
CI 12 142 32 1
CO 4 131 0 1131 2
CI 12 142 32 1
CO 4 131 0 1133 2
CI 12 142 32 1
CO 4 131 0 1135 2
CI 12 142 32 1
CO 4 131 0 1137 2
CI 12 142 32 1
CO 4 131 0 1139 2
CI 12 142 32 1
CO 4 131 0 1141 2
CI 12 142 32 1
CO 4 131 0 1143 2
CI 12 142 32 1
CO 4 131 0 1145 2
CI 12 142 32 1
CO 4 131 0 1147 2
CI 12 142 32 1
CO 4 131 0 1149 2
CI 12 142 32 1
CO 4 131 0 1151 2
CI 12 142 32 1
CO 4 131 0 1153 2
CI 12 142 32 1
CO 4 131 0 1155 2
CI 12 142 32 1
CO 4 131 0 1157 2
CI 12 142 32 1
CO 4 131 0 1159 2
CI 12 142 32 1
CO 4 131 0 1161 2
CI 12 142 32 1
CO 4 131 0 1163 2
CI 12 142 32 1
CO 4 131 0 1165 2
CI 12 142 32 1
CO 4 131 0 1167 2
CI 12 142 32 1
CO 4 131 0 1169 2
CI 12 142 32 1
CO 4 131 0 1171 2
CI 12 142 32 1
CO 4 131 0 1173 2
CI 12 142 32 1
CO 4 131 0 1175 2
CI 12 142 32 1
CO 4 131 0 1177 2
CI 12 142 32 1
CO 4 131 0 1179 2
CI 12 142 32 1
CO 4 131 0 1181 2
CI 12 142 32 1
CO 4 131 0 1183 2
CI 12 142 32 1
CO 4 131 0 1185 2
CI 12 142 32 1
CO 4 131 0 1187 2
CI 12 142 32 1
CO 4 131 0 1189 2
CI 12 142 32 1
CO 4 131 0 1191 2
CI 12 142 32 1
CO 4 131 0 1193 2
CI 12 142 32 1
CO 4 131 0 1195 2
CI 12 142 32 1
CO 4 131 0 1197 2
CI 12 142 32 1
CO 4 131 0 1199 2
CI 12 142 32 1
CO 4 131 0 1201 2
CI 12 142 32 1
CO 4 131 0 1203 2
CI 12 142 32 1
CO 4 131 0 1205 2
CI 12 142 32 1
CO 4 131 0 1207 2
CI 12 142 32 1
CO 4 131 0 1209 2
CI 12 142 32 1
CO 4 131 0 1211 2
CI 12 142 32 1
CO 4 131 0 1213 2
CI 12 142 32 1
CO 4 131 0 1215 2
CI 12 142 32 1
CO 4 131 0 1217 2
CI 12 142 32 1
CO 4 131 0 1219 2
CI 12 142 32 1
CO 4 131 0 1221 2
CI 12 142 32 1
CO 4 131 0 1223 2
CI 12 142 32 1
CO 4 131 0 1225 2
CI 12 142 32 1
CO 4 131 0 1227 2
CI 12 142 32 1
CO 4 131 0 1229 2
CI 12 142 32 1
CO 4 131 0 1231 2
CI 12 142 32 1
CO 4 131 0 1233 2
CI 12 142 32 1
CO 4 131 0 1235 2
CI 12 142 32 1
CO 4 131 0 1237 2
CI 12 142 32 1
CO 4 131 0 1239 2
CI 12 142 32 1
CO 4 131 0 1241 2
CI 12 142 32 1
CO 4 131 0 1243 2
CI 12 142 32 1
CO 4 131 0 1245 2
CI 12 142 32 1
CO 4 131 0 1247 2
CI 12 142 32 1
CO 4 131 0 1249 2
CI 12 142 32 1
CO 4 131 0 1251 2
CI 12 142 32 1
CO 4 131 0 1253 2
CI 12 142 32 1
CO 4 131 0 1255 2
CI 12 142 32 1
CO 4 131 0 1257 2
CI 12 142 32 1
CO 4 131 0 1259 2
CI 12 142 32 1
CO 4 131 0 1261 2
CI 12 142 32 1
CO 4 131 0 1263 2
CI 12 142 32 1
CO 4 131 0 1265 2
CI 12 142 32 1
CO 4 131 0 1267 2
CI 12 142 32 1
CO 4 131 0 1269 2
CI 12 142 32 1
CO 4 131 0 1271 2
CI 12 142 32 1
CO 4 131 0 1273 2
CI 12 142 32 1
CO 4 131 0 1275 2
CI 12 142 32 1
CO 4 131 0 1277 2
CI 12 142 32 1
CO 4 131 0 1279 2
CI 12 142 32 1
CO 4 131 0 1281 2
CI 12 142 32 1
CO 4 131 0 1283 2
CI 12 142 32 1
CO 4 131 0 1285 2
CI 12 142 32 1
CO 4 131 0 1287 2
CI 12 142 32 1
CO 4 131 0 1289 2
CI 12 142 32 1
CO 4 131 0 1291 2
CI 12 142 32 1
CO 4 131 0 1293 2
CI 12 142 32 1
CO 4 131 0 1295 2
CI 12 142 32 1
CO 4 131 0 1297 2
CI 12 142 32 1
CO 4 131 0 1299 2
CI 12 142 32 1
CO 4 131 0 1301 2
CI 12 142 32 1
CO 4 131 0 1303 2
CI 12 142 32 1
CO 4 131 0 1305 2
CI 12 142 32 1
CO 4 131 0 1307 2
CI 12 142 32 1
CO 4 131 0 1309 2
CI 12 142 32 1
CO 4 131 0 1311 2
CI 12 142 32 1
CO 4 131 0 1313 2
CI 12 142 32 1
CO 4 131 0 1315 2
CI 12 142 32 1
CO 4 131 0 1317 2
CI 12 142 32 1
CO 4 131 0 1319 2
CI 12 142 32 1
CO 4 131 0 1321 2
CI 12 142 32 1
CO 4 131 0 1323 2
CI 12 142 32 1
CO 4 131 0 1325 2
CI 12 142 32 1
CO 4 131 0 1327 2
CI 12 142 32 1
CO 4 131 0 1329 2
CI 12 142 32 1
CO 4 131 0 1331 2
CI 12 142 32 1
CO 4 131 0 1333 2
CI 12 142 32 1
CO 4 131 0 1335 2
CI 12 142 32 1
CO 4 131 0 1337 2
CI 12 142 32 1
CO 4 131 0 1339 2
CI 12 142 32 1
CO 4 131 0 1341 2
CI 12 142 32 1
CO 4 131 0 1343 2
CI 12 142 32 1
CO 4 131 0 1345 2
CI 12 142 32 1
CO 4 131 0 1347 2
CI 12 142 32 1
CO 4 131 0 1349 2
CI 12 142 32 1
CO 4 131 0 1351 2
CI 12 142 32 1
CO 4 131 0 1353 2
CI 12 142 32 1
CO 4 131 0 1355 2
CI 12 142 32 1
CO 4 131 0 1357 2
CI 12 142 32 1
CO 4 131 0 1359 2
CI 12 142 32 1
CO 4 131 0 1361 2
CI 12 142 32 1
CO 4 131 0 1363 2
CI 12 142 32 1
CO 4 131 0 1365 2
CI 12 142 32 1
CO 4 131 0 1367 2
CI 12 142 32 1
CO 4 131 0 1369 2
CI 12 142 32 1
CO 4 131 0 1371 2
CI 12 142 32 1
CO 4 131 0 1373 6
CI 12 142 32 1
CO 4 131 0 1379 2
CI 12 142 32 1
CO 12 140 16 1381 1
CI 12 142 32 1
CO 12 140 19 1382 1
CI 12 142 32 1
CI 4 142 1570 2
CO 4 131 0 1383 2
CI 12 142 32 1
CO 4 131 0 1385 2
CI 12 142 32 1
CI 4 142 2082 2
CO 4 131 0 1387 2
CI 12 142 32 1
CO 4 131 0 1389 4
CI 12 142 32 1
CO 4 131 0 1393 4
CI 12 142 32 1
CO 4 131 0 1397 4
CI 12 142 32 1
CO 4 131 0 1401 2
CI 12 142 32 1
CO 4 131 0 1403 2
CI 12 142 32 1
CO 4 130 1 1405 8
CI 12 142 32 1
BO 1413 512
CO 4 130 1 1925 8
CI 12 142 32 1
BO 1933 512
CO 4 130 1 2445 8
CI 12 142 32 1
BO 2453 512
CO 4 130 1 2965 8
CI 12 142 32 1
BO 2973 64024
CI 4 142 290 2
CO 4 131 0 66997 2
CI 12 142 32 1
CO 4 131 0 66999 6
CI 12 142 32 1
CO 4 131 0 67005 6
CI 12 142 32 1
CO 4 131 0 67011 2
CI 12 142 32 1
CO 4 131 0 67013 2
CI 12 142 32 1
CO 4 131 0 67015 2
CI 12 142 32 1
CO 4 131 0 67017 4
CI 12 142 32 1
CO 4 131 0 67021 4
CI 12 142 32 1
CO 4 131 0 67025 4
CI 12 142 32 1
CO 4 131 0 67029 4
CI 12 142 32 1
CO 4 131 0 67033 4
CI 12 142 32 1
CO 4 131 0 67037 4
CI 12 142 32 1
CO 4 131 0 67041 4
CI 12 142 32 1
CO 4 131 0 67045 4
CI 12 142 32 1
CO 4 131 0 67049 4
CI 12 142 32 1
CO 4 131 0 67053 4
CI 12 142 32 1
CO 4 131 0 67057 4
CI 12 142 32 1
CO 4 131 0 67061 4
CI 12 142 32 1
CO 4 131 0 67065 2
CI 12 142 32 1
CI 4 142 290 2
CO 4 131 0 67067 2
CI 12 142 32 1
CO 4 130 1 67069 8
CI 12 142 32 1
BO 67077 512
CO 4 130 1 67589 8
CI 12 142 32 1
BO 67597 512
CO 4 130 1 68109 8
CI 12 142 32 1
BO 68117 512
CO 4 131 0 68629 4
CI 12 142 32 1
CO 4 131 0 68633 4
CI 12 142 32 1
CO 4 131 0 68637 4
CI 12 142 32 1
CO 4 131 0 68641 2
CI 12 142 32 1
CO 4 131 0 68643 2
CI 12 142 32 1
CO 4 140 23 68645 2
CI 12 142 32 1
CI 4 398 290 2
CI 4 398 34 2
CI 4 142 1314 2
CO 4 131 0 68647 2
CI 12 142 32 1
CO 4 131 0 68649 20
CI 12 142 32 1
CO 4 131 0 68669 6
CI 12 142 32 1
CO 4 131 0 68675 2
CI 12 142 32 1
CO 4 131 0 68677 2
CI 12 142 32 1
CI 4 142 290 2
CO 4 131 0 68679 2
CI 12 142 32 1
CO 4 131 0 68681 2
CI 12 142 32 1
CI 4 142 7458 2
CO 4 131 0 68683 2
CI 12 142 32 1
CI 4 142 546 2
CO 4 131 0 68685 2
CI 12 142 32 1
CO 4 131 0 68687 4
CI 12 142 32 1
CO 4 131 0 68691 4
CI 12 142 32 1
CI 4 142 40994 2
CO 4 131 0 68695 2
CI 12 142 32 1
CO 4 131 0 68697 2
CI 12 142 32 1
CO 4 130 1 68699 8
CI 12 142 32 1
BO 68707 2
CO 4 131 0 68709 4
CI 12 142 32 1
CO 4 130 1 68713 8
CI 12 142 32 1
BO 68721 2
CO 4 131 0 68723 4
CI 12 142 32 1
CO 4 130 1 68727 8
CI 12 142 32 1
BO 68735 2
CO 4 131 0 68737 4
CI 12 142 32 1
CI 4 142 40994 2
CO 4 131 0 68741 2
CI 12 142 32 1
CO 4 131 0 68743 2
CI 12 142 32 1
CO 4 130 1 68745 8
CI 12 142 32 1
BO 68753 48
CO 4 131 0 68801 4
CI 12 142 32 1
CO 4 130 1 68805 8
CI 12 142 32 1
BO 68813 48
CO 4 131 0 68861 4
CI 12 142 32 1
CO 4 131 0 68865 6
CI 12 142 32 1
CO 4 131 0 68871 4
CI 12 142 32 1
CO 4 131 0 68875 2
CI 12 142 32 1
CO 4 131 0 68877 2
CI 12 142 32 1
CO 4 131 0 68879 6
CI 12 142 32 1
CO 4 131 0 68885 2
CI 12 142 32 1
CO 4 131 0 68887 2
CI 12 142 32 1
CO 4 131 0 68889 2
CI 12 142 32 1
CO 4 131 0 68891 2
CI 12 142 32 1
CO 4 131 0 68893 2
CI 12 142 32 1
CO 4 131 0 68895 2
CI 12 142 32 1
CO 4 131 0 68897 2
CI 12 142 32 1
CO 4 131 0 68899 4
CI 12 142 32 1
CO 4 131 0 68903 4
CI 12 142 32 1
CO 4 131 0 68907 4
CI 12 142 32 1
CO 4 131 0 68911 4
CI 12 142 32 1
CO 4 131 0 68915 4
CI 12 142 32 1
CO 4 131 0 68919 4
CI 12 142 32 1
CO 4 131 0 68923 4
CI 12 142 32 1
CO 4 131 0 68927 4
CI 12 142 32 1
CO 4 131 0 68931 4
CI 12 142 32 1
CO 4 131 0 68935 4
CI 12 142 32 1
CO 4 131 0 68939 4
CI 12 142 32 1
CO 4 131 0 68943 4
CI 12 142 32 1
CO 4 131 0 68947 2
CI 12 142 32 1
CI 4 142 7202 2
CO 4 131 0 68949 6
CI 12 142 32 1
CO 4 131 0 68955 6
CI 12 142 32 1
CO 4 131 0 68961 6
CI 12 142 32 1
CO 4 131 0 68967 6
CI 12 142 32 1
CI 4 142 3106 2
CO 4 131 0 68973 2
CI 12 142 32 1
CO 4 131 0 68975 2
CI 12 142 32 1
CO 4 131 0 68977 2
CI 12 142 32 1
CO 4 131 0 68979 2
CI 12 142 32 1
CI 4 398 1570 2
CI 4 398 1826 2
CO 4 131 0 68981 6
CI 12 142 32 1
CO 4 131 0 68987 2
CI 12 142 32 1
CO 4 131 0 68989 6
CI 12 142 32 1
CO 4 131 0 68995 6
CI 12 142 32 1
CO 4 131 0 69001 6
CI 12 142 32 1
CI 4 142 546 2
CO 4 131 0 69007 2
CI 12 142 32 1
CI 4 142 290 2
CO 4 131 0 69009 2
CI 12 142 32 1
CO 4 131 0 69011 2
CI 12 142 32 1
CO 4 131 0 69013 6
CI 12 142 32 1
CI 4 142 1314 2
CO 4 131 0 69019 2
CI 12 142 32 1
CI 4 142 290 2
CO 4 131 0 69021 2
CI 12 142 32 1
CI 4 142 2082 2
CO 4 131 0 69023 2
CI 12 142 32 1
CI 4 142 7714 2
CO 4 131 0 69025 2
CI 12 142 32 1
CI 4 142 7714 2
CO 4 131 0 69027 2
CI 12 142 32 1
CI 4 142 7714 2
CO 4 131 0 69029 2
CI 12 142 32 1
CI 4 142 6946 2
CO 4 131 0 69031 2
CI 12 142 32 1
CI 4 142 290 2
CO 4 131 0 69033 2
CI 12 142 32 1
CO 4 131 0 69035 4
CI 12 142 32 1
CO 4 131 0 69039 4
CI 12 142 32 1
CO 4 131 0 69043 4
CI 12 142 32 1
CI 4 142 5922 2
CO 4 131 0 69047 2
CI 12 142 32 1
CI 4 142 5410 2
CO 4 131 0 69049 2
CI 12 142 32 1
CI 4 142 12322 2
CO 4 131 0 69051 2
CI 12 142 32 1
CI 4 142 14370 2
CO 4 131 0 69053 2
CI 12 142 32 1
CI 4 142 14370 2
CO 4 131 0 69055 2
CI 12 142 32 1
CI 4 142 1570 2
CO 4 131 0 69057 2
CI 12 142 32 1
CI 4 142 4898 2
CO 4 131 0 69059 2
CI 12 142 32 1
CI 4 142 3106 2
CO 4 131 0 69061 2
CI 12 142 32 1
CI 4 142 1058 2
CO 4 131 0 69063 2
CI 12 142 32 1
CI 4 142 13858 2
CO 4 131 0 69065 2
CI 12 142 32 1
CI 4 142 20258 2
CO 4 131 0 69067 2
CI 12 142 32 1
CI 4 142 7714 2
CO 4 131 0 69069 2
CI 12 142 32 1
CI 4 142 4898 2
CO 4 131 0 69071 2
CI 12 142 32 1
CO 4 131 0 69073 4
CI 12 142 32 1
CI 4 142 4642 2
CO 4 131 0 69077 2
CI 12 142 32 1
CI 4 142 28706 2
CO 4 131 0 69079 2
CI 12 142 32 1
CI 4 142 28962 2
CO 4 131 0 69081 2
CI 12 142 32 1
CI 4 142 2082 2
CO 4 131 0 69083 2
CI 12 142 32 1
CI 4 142 290 2
CO 4 131 0 69085 2
CI 12 142 32 1
CO 4 131 0 69087 2
CI 12 142 32 1
CO 4 131 0 69089 2
CI 12 142 32 1
CO 4 131 0 69091 2
CI 12 142 32 1
CO 4 131 0 69093 4
CI 12 142 32 1
CO 4 131 0 69097 4
CI 12 142 32 1
CO 4 131 0 69101 6
CI 12 142 32 1
CO 4 131 0 69107 6
CI 12 142 32 1
CO 4 131 0 69113 2
CI 12 142 32 1
CO 4 131 0 69115 2
CI 12 142 32 1
CI 4 142 546 2
CO 4 131 0 69117 2
CI 12 142 32 1
CO 4 131 0 69119 4
CI 12 142 32 1
CI 4 142 13602 2
CO 4 131 0 69123 2
CI 12 142 32 1
CI 4 142 13602 2
CO 4 131 0 69125 2
CI 12 142 32 1
CI 4 142 12322 2
CO 4 131 0 69127 2
CI 12 142 32 1
CI 4 142 12322 2
CO 4 131 0 69129 2
CI 12 142 32 1
CI 4 142 15138 2
CO 4 131 0 69131 2
CI 12 142 32 1
CI 4 142 15394 2
CO 4 131 0 69133 2
CI 12 142 32 1
CI 4 142 15138 2
CO 4 131 0 69135 2
CI 12 142 32 1
CI 4 142 15394 2
CO 4 131 0 69137 2
CI 12 142 32 1
CI 4 142 15138 2
CO 4 131 0 69139 2
CI 12 142 32 1
CI 4 142 15394 2
CO 4 131 0 69141 2
CI 12 142 32 1
CO 4 131 0 69143 2
CI 12 142 32 1
CI 4 142 1058 2
CO 4 131 0 69145 2
CI 12 142 32 1
CI 4 142 42018 3
CO 4 131 0 69147 6
CI 12 142 32 1
CI 4 142 23074 2
CO 4 131 0 69153 2
CI 12 142 32 1
CI 4 142 23074 2
CO 4 131 0 69155 2
CI 12 142 32 1
CI 4 142 23330 2
CO 4 131 0 69157 2
CI 12 142 32 1
CI 4 142 23330 2
CO 4 131 0 69159 2
CI 12 142 32 1
CO 4 131 0 69161 2
CI 12 142 32 1
CO 4 131 0 69163 2
CI 12 142 32 1
CO 4 131 0 69165 2
CI 12 142 32 1
CO 4 131 0 69167 2
CI 12 142 32 1
CI 4 142 6690 2
CO 4 131 0 69169 2
CI 12 142 32 1
CO 4 131 0 69171 2
CI 12 142 32 1
CO 4 131 0 69173 2
CI 12 142 32 1
CO 4 131 0 69175 2
CI 12 142 32 1
CO 4 131 0 69177 2
CI 12 142 32 1
CO 4 131 0 69179 2
CI 12 142 32 1
CO 4 131 0 69181 2
CI 12 142 32 1
CI 4 142 24866 2
CO 4 131 0 69183 2
CI 12 142 32 1
CI 4 142 24354 2
CO 4 131 0 69185 2
CI 12 142 32 1
CI 4 142 24354 2
CO 4 131 0 69187 2
CI 12 142 32 1
CI 4 142 290 2
CO 4 131 0 69189 2
CI 12 142 32 1
CI 4 142 2594 2
CO 4 131 0 69191 2
CI 12 142 32 1
CO 4 131 0 69193 2
CI 12 142 32 1
CO 4 131 0 69195 2
CI 12 142 32 1
CI 4 142 24354 2
CO 4 131 0 69197 2
CI 12 142 32 1
CO 4 131 0 69199 6
CI 12 142 32 1
CO 4 131 0 69205 6
CI 12 142 32 1
CO 4 131 0 69211 2
CI 12 142 32 1
CI 4 142 41250 2
CO 4 131 0 69213 2
CI 12 142 32 1
CO 4 131 0 69215 6
CI 12 142 32 1
CO 4 131 0 69221 6
CI 12 142 32 1
CO 4 131 0 69227 6
CI 12 142 32 1
CO 4 131 0 69233 6
CI 12 142 32 1
CO 4 131 0 69239 6
CI 12 142 32 1
CI 4 142 2850 2
CO 4 131 0 69245 2
CI 12 142 32 1
CI 4 142 14370 2
CO 4 131 0 69247 2
CI 12 142 32 1
CI 4 142 14114 2
CO 4 131 0 69249 2
CI 12 142 32 1
CO 4 131 0 69251 2
CI 12 142 32 1
CI 4 142 290 2
CO 4 131 0 69253 2
CI 12 142 32 1
CI 4 142 290 2
CO 4 131 0 69255 2
CI 12 142 32 1
CO 4 131 0 69257 6
CI 12 142 32 1
CO 4 131 0 69263 6
CI 12 142 32 1
CI 4 142 11042 2
CO 4 131 0 69269 2
CI 12 142 32 1
CO 4 131 0 69271 2
CI 12 142 32 1
CO 4 131 0 69273 2
CI 12 142 32 1
CO 4 131 0 69275 2
