CI 6 256 0 18
CI 6 512 0 39
CO 9 1 0 0 0
CI 4 142 2594 2
CO 4 131 0 0 2
CI 12 142 32 1
CI 4 142 290 2
CO 4 131 0 2 2
CI 12 142 32 1
CI 4 142 1570 2
CI 4 142 1570 2
CO 4 131 0 4 2
CI 12 142 32 1
CI 4 142 13858 2
CO 4 131 0 6 2
CI 12 142 32 1
CI 4 142 13090 2
CO 4 131 0 8 2
CI 12 142 32 1
CI 4 142 13602 2
CO 4 131 0 10 2
CI 12 142 32 1
CI 4 142 12834 2
CO 4 131 0 12 2
CI 12 142 32 1
CI 4 142 13858 2
CO 4 131 0 14 2
CI 12 142 32 1
CI 4 142 13090 2
CO 4 131 0 16 2
CI 12 142 32 1
CI 4 142 13602 2
CO 4 131 0 18 2
CI 12 142 32 1
CI 4 142 12834 2
CO 4 131 0 20 2
CI 12 142 32 1
CI 4 142 13602 2
CO 4 131 0 22 2
CI 12 142 32 1
CI 4 142 12834 2
CO 4 131 0 24 2
CI 12 142 32 1
CI 4 142 13602 2
CO 4 131 0 26 2
CI 12 142 32 1
CI 4 142 12834 2
CO 4 131 0 28 2
CI 12 142 32 1
CI 4 142 2850 2
CO 4 131 0 30 2
CI 12 142 32 1
CI 4 142 4898 2
CO 4 131 0 32 2
CI 12 142 32 1
CI 4 142 5410 2
CO 4 131 0 34 2
CI 12 142 32 1
CI 4 142 2850 2
CO 4 131 0 36 2
CI 12 142 32 1
CI 4 142 546 2
CO 4 131 0 38 2
CI 12 142 32 1
CI 4 142 5410 2
CO 4 131 0 40 2
CI 12 142 32 1
CI 4 142 5410 2
CO 4 131 0 42 2
CI 12 142 32 1
CI 4 142 14370 2
CO 4 131 0 44 2
CI 12 142 32 1
CI 4 142 2594 2
CO 4 131 0 46 2
CI 12 142 32 1
CI 4 132 57888 4
CO 12 131 57440 48 1
CO 4 131 57632 49 4
CO 12 131 57344 53 1
CO 12 140 21 54 1
CI 12 142 32 1
CI 4 142 1570 2
CO 12 140 21 55 1
CI 12 142 32 1
CI 4 142 2850 2
CO 4 131 0 56 2
CI 12 142 32 1
CO 4 130 1 58 8
CI 12 142 32 1
BO 66 8
CI 4 398 290 2
CI 4 142 802 2
CI 4 142 802 2
CI 4 398 290 2
CI 4 142 802 2
CI 4 398 290 2
CO 4 131 0 74 64
CI 12 142 32 1
CO 4 131 0 138 64
CI 12 142 32 1
CO 4 131 0 202 64
CI 12 142 32 1
CO 4 131 0 266 64
CI 12 142 32 1
CO 4 131 0 330 8
CI 12 142 32 1
CO 4 131 0 338 2
CI 12 142 32 1
CO 4 131 0 340 6
CI 12 142 32 1
CO 4 131 0 346 6
CI 12 142 32 1
CO 4 131 0 352 6
CI 12 142 32 1
CO 4 131 0 358 20
CI 12 142 32 1
CO 4 131 0 378 2
CI 12 142 32 1
CI 4 142 1570 2
CO 4 131 0 380 2
CI 12 142 32 1
CI 4 142 50210 2
CI 4 142 50210 2
CI 4 142 13858 2
CO 4 131 0 382 2
CI 12 142 32 1
CI 4 142 13090 2
CO 4 131 0 384 2
CI 12 142 32 1
CI 4 142 13602 2
CO 4 131 0 386 2
CI 12 142 32 1
CI 4 142 12834 2
CO 4 131 0 388 2
CI 12 142 32 1
CI 4 142 13858 2
CO 4 131 0 390 2
CI 12 142 32 1
CI 4 142 13090 2
CO 4 131 0 392 2
CI 12 142 32 1
CI 4 142 13602 2
CO 4 131 0 394 2
CI 12 142 32 1
CI 4 142 12834 2
CO 4 131 0 396 2
CI 12 142 32 1
CI 4 142 13602 2
CO 4 131 0 398 2
CI 12 142 32 1
CI 4 142 12834 2
CO 4 131 0 400 2
CI 12 142 32 1
CI 4 142 13602 2
CO 4 131 0 402 2
CI 12 142 32 1
CI 4 142 12834 2
CO 4 131 0 404 2
CI 12 142 32 1
CI 4 142 2850 2
CO 4 131 0 406 2
CI 12 142 32 1
CI 4 142 4898 2
CO 4 131 0 408 2
CI 12 142 32 1
CI 4 142 5410 2
CO 4 131 0 410 2
CI 12 142 32 1
CI 4 142 2594 2
CO 4 131 0 412 2
CI 12 142 32 1
CO 4 131 0 414 6
CI 12 142 32 1
CO 4 131 0 420 6
CI 12 142 32 1
CO 4 131 0 426 2
CI 12 142 32 1
CO 4 131 0 428 2
CI 12 142 32 1
CO 4 131 0 430 2
CI 12 142 32 1
CO 4 131 0 432 2
CI 12 142 32 1
CO 4 131 0 434 2
CI 12 142 32 1
CO 4 131 0 436 2
CI 12 142 32 1
CO 4 131 0 438 2
CI 12 142 32 1
CO 4 131 0 440 2
CI 12 142 32 1
CO 4 131 0 442 2
CI 12 142 32 1
CO 4 131 0 444 2
CI 12 142 32 1
CO 4 131 0 446 2
CI 12 142 32 1
CO 4 131 0 448 2
CI 12 142 32 1
CO 4 131 0 450 2
CI 12 142 32 1
CO 4 131 0 452 2
CI 12 142 32 1
CO 4 131 0 454 2
CI 12 142 32 1
CO 4 131 0 456 2
CI 12 142 32 1
CO 4 131 0 458 2
CI 12 142 32 1
CO 4 131 0 460 2
CI 12 142 32 1
CO 4 131 0 462 2
CI 12 142 32 1
CO 4 131 0 464 2
CI 12 142 32 1
CO 4 131 0 466 2
CI 12 142 32 1
CO 4 131 0 468 2
CI 12 142 32 1
CO 4 131 0 470 2
CI 12 142 32 1
CO 4 131 0 472 2
CI 12 142 32 1
CO 4 131 0 474 2
CI 12 142 32 1
CO 4 131 0 476 2
CI 12 142 32 1
CO 4 131 0 478 2
CI 12 142 32 1
CO 4 131 0 480 2
CI 12 142 32 1
CO 4 131 0 482 2
CI 12 142 32 1
CO 4 131 0 484 2
CI 12 142 32 1
CO 4 131 0 486 2
CI 12 142 32 1
CO 4 131 0 488 2
CI 12 142 32 1
CO 4 131 0 490 2
CI 12 142 32 1
CO 4 131 0 492 2
CI 12 142 32 1
CO 4 131 0 494 2
CI 12 142 32 1
CO 4 131 0 496 2
CI 12 142 32 1
CO 4 131 0 498 2
CI 12 142 32 1
CO 4 131 0 500 2
CI 12 142 32 1
CO 4 131 0 502 2
CI 12 142 32 1
CO 4 131 0 504 2
CI 12 142 32 1
CO 4 131 0 506 2
CI 12 142 32 1
CO 4 131 0 508 2
CI 12 142 32 1
CO 4 131 0 510 2
CI 12 142 32 1
CO 4 131 0 512 2
CI 12 142 32 1
CO 4 131 0 514 2
CI 12 142 32 1
CO 4 131 0 516 2
CI 12 142 32 1
CO 4 131 0 518 2
CI 12 142 32 1
CO 4 131 0 520 2
CI 12 142 32 1
CO 4 131 0 522 2
CI 12 142 32 1
CO 4 131 0 524 2
CI 12 142 32 1
CO 4 131 0 526 2
CI 12 142 32 1
CO 4 131 0 528 2
CI 12 142 32 1
CO 4 131 0 530 2
CI 12 142 32 1
CO 4 131 0 532 2
CI 12 142 32 1
CO 4 131 0 534 2
CI 12 142 32 1
CO 4 131 0 536 2
CI 12 142 32 1
CO 4 131 0 538 2
CI 12 142 32 1
CO 4 131 0 540 2
CI 12 142 32 1
CO 4 131 0 542 2
CI 12 142 32 1
CO 4 131 0 544 2
CI 12 142 32 1
CO 4 131 0 546 2
CI 12 142 32 1
CO 4 131 0 548 2
CI 12 142 32 1
CO 4 131 0 550 2
CI 12 142 32 1
CO 4 131 0 552 2
CI 12 142 32 1
CO 4 131 0 554 2
CI 12 142 32 1
CO 4 131 0 556 2
CI 12 142 32 1
CO 4 131 0 558 2
CI 12 142 32 1
CO 4 131 0 560 2
CI 12 142 32 1
CO 4 131 0 562 2
CI 12 142 32 1
CO 4 131 0 564 2
CI 12 142 32 1
CO 4 131 0 566 2
CI 12 142 32 1
CO 4 131 0 568 2
CI 12 142 32 1
CO 4 131 0 570 2
CI 12 142 32 1
CO 4 131 0 572 2
CI 12 142 32 1
CO 4 131 0 574 2
CI 12 142 32 1
CO 4 131 0 576 2
CI 12 142 32 1
CO 4 131 0 578 2
CI 12 142 32 1
CO 4 131 0 580 2
CI 12 142 32 1
CO 4 131 0 582 2
CI 12 142 32 1
CO 4 131 0 584 2
CI 12 142 32 1
CO 4 131 0 586 2
CI 12 142 32 1
CO 4 131 0 588 2
CI 12 142 32 1
CO 4 131 0 590 2
CI 12 142 32 1
CO 4 131 0 592 2
CI 12 142 32 1
CO 4 131 0 594 2
CI 12 142 32 1
CO 4 131 0 596 2
CI 12 142 32 1
CO 4 131 0 598 2
CI 12 142 32 1
CO 4 131 0 600 2
CI 12 142 32 1
CO 4 131 0 602 2
CI 12 142 32 1
CO 4 131 0 604 2
CI 12 142 32 1
CO 4 131 0 606 2
CI 12 142 32 1
CO 4 131 0 608 2
CI 12 142 32 1
CO 4 131 0 610 2
CI 12 142 32 1
CO 4 131 0 612 2
CI 12 142 32 1
CO 4 131 0 614 2
CI 12 142 32 1
CO 4 131 0 616 2
CI 12 142 32 1
CO 4 131 0 618 2
CI 12 142 32 1
CO 4 131 0 620 2
CI 12 142 32 1
CO 4 131 0 622 2
CI 12 142 32 1
CO 4 131 0 624 2
CI 12 142 32 1
CO 4 131 0 626 2
CI 12 142 32 1
CO 4 131 0 628 2
CI 12 142 32 1
CO 4 131 0 630 2
CI 12 142 32 1
CO 4 131 0 632 2
CI 12 142 32 1
CO 4 131 0 634 2
CI 12 142 32 1
CO 4 131 0 636 2
CI 12 142 32 1
CO 4 131 0 638 2
CI 12 142 32 1
CO 4 131 0 640 2
CI 12 142 32 1
CO 4 131 0 642 2
CI 12 142 32 1
CO 4 131 0 644 2
CI 12 142 32 1
CO 4 131 0 646 2
CI 12 142 32 1
CO 4 131 0 648 2
CI 12 142 32 1
CO 4 131 0 650 2
CI 12 142 32 1
CO 4 131 0 652 2
CI 12 142 32 1
CO 4 131 0 654 2
CI 12 142 32 1
CO 4 131 0 656 2
CI 12 142 32 1
CO 4 131 0 658 2
CI 12 142 32 1
CO 4 131 0 660 2
CI 12 142 32 1
CO 4 131 0 662 2
CI 12 142 32 1
CO 4 131 0 664 2
CI 12 142 32 1
CO 4 131 0 666 2
CI 12 142 32 1
CO 4 131 0 668 2
CI 12 142 32 1
CO 4 131 0 670 2
CI 12 142 32 1
CO 4 131 0 672 2
CI 12 142 32 1
CO 4 131 0 674 2
CI 12 142 32 1
CO 4 131 0 676 2
CI 12 142 32 1
CO 4 131 0 678 2
CI 12 142 32 1
CO 4 131 0 680 2
CI 12 142 32 1
CO 4 131 0 682 2
CI 12 142 32 1
CO 4 131 0 684 2
CI 12 142 32 1
CO 4 131 0 686 2
CI 12 142 32 1
CO 4 131 0 688 2
CI 12 142 32 1
CO 4 131 0 690 2
CI 12 142 32 1
CO 4 131 0 692 2
CI 12 142 32 1
CO 4 131 0 694 2
CI 12 142 32 1
CO 4 131 0 696 2
CI 12 142 32 1
CO 4 131 0 698 2
CI 12 142 32 1
CO 4 131 0 700 2
CI 12 142 32 1
CO 4 131 0 702 2
CI 12 142 32 1
CO 4 131 0 704 2
CI 12 142 32 1
CO 4 131 0 706 2
CI 12 142 32 1
CO 4 131 0 708 2
CI 12 142 32 1
CO 4 131 0 710 2
CI 12 142 32 1
CO 4 131 0 712 2
CI 12 142 32 1
CO 4 131 0 714 2
CI 12 142 32 1
CO 4 131 0 716 2
CI 12 142 32 1
CO 4 131 0 718 2
CI 12 142 32 1
CO 4 131 0 720 2
CI 12 142 32 1
CO 4 131 0 722 2
CI 12 142 32 1
CO 4 131 0 724 2
CI 12 142 32 1
CO 4 131 0 726 2
CI 12 142 32 1
CO 4 131 0 728 2
CI 12 142 32 1
CO 4 131 0 730 2
CI 12 142 32 1
CO 4 131 0 732 2
CI 12 142 32 1
CO 4 131 0 734 2
CI 12 142 32 1
CO 4 131 0 736 2
CI 12 142 32 1
CO 4 131 0 738 2
CI 12 142 32 1
CO 4 131 0 740 2
CI 12 142 32 1
CO 4 131 0 742 2
CI 12 142 32 1
CO 4 131 0 744 2
CI 12 142 32 1
CO 4 131 0 746 2
CI 12 142 32 1
CO 4 131 0 748 2
CI 12 142 32 1
CO 4 131 0 750 2
CI 12 142 32 1
CO 4 131 0 752 2
CI 12 142 32 1
CO 4 131 0 754 2
CI 12 142 32 1
CO 4 131 0 756 2
CI 12 142 32 1
CO 4 131 0 758 2
CI 12 142 32 1
CO 4 131 0 760 2
CI 12 142 32 1
CO 4 131 0 762 2
CI 12 142 32 1
CO 4 131 0 764 2
CI 12 142 32 1
CO 4 131 0 766 2
CI 12 142 32 1
CO 4 131 0 768 2
CI 12 142 32 1
CO 4 131 0 770 2
CI 12 142 32 1
CO 4 131 0 772 2
CI 12 142 32 1
CO 4 131 0 774 2
CI 12 142 32 1
CO 4 131 0 776 2
CI 12 142 32 1
CO 4 131 0 778 2
CI 12 142 32 1
CO 4 131 0 780 2
CI 12 142 32 1
CO 4 131 0 782 2
CI 12 142 32 1
CO 4 131 0 784 2
CI 12 142 32 1
CO 4 131 0 786 2
CI 12 142 32 1
CO 4 131 0 788 2
CI 12 142 32 1
CO 4 131 0 790 2
CI 12 142 32 1
CO 4 131 0 792 2
CI 12 142 32 1
CO 4 131 0 794 2
CI 12 142 32 1
CO 4 131 0 796 2
CI 12 142 32 1
CO 4 131 0 798 2
CI 12 142 32 1
CO 4 131 0 800 2
CI 12 142 32 1
CO 4 131 0 802 2
CI 12 142 32 1
CO 4 131 0 804 2
CI 12 142 32 1
CO 4 131 0 806 2
CI 12 142 32 1
CO 4 131 0 808 2
CI 12 142 32 1
CO 4 131 0 810 2
CI 12 142 32 1
CO 4 131 0 812 2
CI 12 142 32 1
CO 4 131 0 814 2
CI 12 142 32 1
CO 4 131 0 816 2
CI 12 142 32 1
CO 4 131 0 818 2
CI 12 142 32 1
CO 4 131 0 820 2
CI 12 142 32 1
CO 4 131 0 822 2
CI 12 142 32 1
CO 4 131 0 824 2
CI 12 142 32 1
CO 4 131 0 826 6
CI 12 142 32 1
CO 4 131 0 832 2
CI 12 142 32 1
CO 12 140 16 834 1
CI 12 142 32 1
CO 12 140 19 835 1
CI 12 142 32 1
CI 4 142 1570 2
CO 4 131 0 836 2
CI 12 142 32 1
CO 4 131 0 838 2
CI 12 142 32 1
CI 4 142 2082 2
CO 4 131 0 840 2
CI 12 142 32 1
CO 4 131 0 842 4
CI 12 142 32 1
CO 4 131 0 846 4
CI 12 142 32 1
CO 4 131 0 850 4
CI 12 142 32 1
CO 4 131 0 854 2
CI 12 142 32 1
CO 4 131 0 856 2
CI 12 142 32 1
CO 4 130 1 858 8
CI 12 142 32 1
BO 866 512
CO 4 130 1 1378 8
CI 12 142 32 1
BO 1386 512
CO 4 130 1 1898 8
CI 12 142 32 1
BO 1906 512
CO 4 130 1 2418 8
CI 12 142 32 1
BO 2426 64024
CI 4 142 290 2
CO 4 131 0 66450 2
CI 12 142 32 1
CO 4 131 0 66452 6
CI 12 142 32 1
CO 4 131 0 66458 6
CI 12 142 32 1
CO 4 131 0 66464 2
CI 12 142 32 1
CO 4 131 0 66466 2
CI 12 142 32 1
CO 4 131 0 66468 2
CI 12 142 32 1
CO 4 131 0 66470 4
CI 12 142 32 1
CO 4 131 0 66474 4
CI 12 142 32 1
CO 4 131 0 66478 4
CI 12 142 32 1
CO 4 131 0 66482 4
CI 12 142 32 1
CO 4 131 0 66486 4
CI 12 142 32 1
CO 4 131 0 66490 4
CI 12 142 32 1
CO 4 131 0 66494 4
CI 12 142 32 1
CO 4 131 0 66498 4
CI 12 142 32 1
CO 4 131 0 66502 4
CI 12 142 32 1
CO 4 131 0 66506 4
CI 12 142 32 1
CO 4 131 0 66510 4
CI 12 142 32 1
CO 4 131 0 66514 4
CI 12 142 32 1
CO 4 131 0 66518 2
CI 12 142 32 1
CI 4 142 290 2
CO 4 131 0 66520 2
CI 12 142 32 1
CO 4 130 1 66522 8
CI 12 142 32 1
BO 66530 512
CO 4 130 1 67042 8
CI 12 142 32 1
BO 67050 512
CO 4 130 1 67562 8
CI 12 142 32 1
BO 67570 512
CO 4 131 0 68082 4
CI 12 142 32 1
CO 4 131 0 68086 4
CI 12 142 32 1
CO 4 131 0 68090 4
CI 12 142 32 1
CO 4 131 0 68094 2
CI 12 142 32 1
CO 4 131 0 68096 2
CI 12 142 32 1
CO 4 140 23 68098 2
CI 12 142 32 1
CI 4 398 290 2
CI 4 398 34 2
CI 4 142 1314 2
CO 4 131 0 68100 2
CI 12 142 32 1
CO 4 131 0 68102 20
CI 12 142 32 1
CO 4 131 0 68122 6
CI 12 142 32 1
CO 4 131 0 68128 2
CI 12 142 32 1
CO 4 131 0 68130 2
CI 12 142 32 1
CI 4 142 290 2
CO 4 131 0 68132 2
CI 12 142 32 1
CO 4 131 0 68134 2
CI 12 142 32 1
CI 4 142 7458 2
CO 4 131 0 68136 2
CI 12 142 32 1
CI 4 142 546 2
CO 4 131 0 68138 2
CI 12 142 32 1
CO 4 131 0 68140 4
CI 12 142 32 1
CO 4 131 0 68144 4
CI 12 142 32 1
CI 4 142 40994 2
CO 4 131 0 68148 2
CI 12 142 32 1
CO 4 131 0 68150 2
CI 12 142 32 1
CO 4 130 1 68152 8
CI 12 142 32 1
BO 68160 8
CO 4 131 0 68168 4
CI 12 142 32 1
CO 4 130 1 68172 8
CI 12 142 32 1
BO 68180 8
CO 4 131 0 68188 4
CI 12 142 32 1
CO 4 130 1 68192 8
CI 12 142 32 1
BO 68200 8
CO 4 131 0 68208 4
CI 12 142 32 1
CI 4 142 40994 2
CO 4 131 0 68212 2
CI 12 142 32 1
CO 4 131 0 68214 2
CI 12 142 32 1
CO 4 130 1 68216 8
CI 12 142 32 1
BO 68224 118
CO 4 131 0 68342 4
CI 12 142 32 1
CO 4 130 1 68346 8
CI 12 142 32 1
BO 68354 118
CO 4 131 0 68472 4
CI 12 142 32 1
CO 4 131 0 68476 6
CI 12 142 32 1
CO 4 131 0 68482 4
CI 12 142 32 1
CO 4 131 0 68486 2
CI 12 142 32 1
CO 4 131 0 68488 2
CI 12 142 32 1
CO 4 131 0 68490 6
CI 12 142 32 1
CO 4 131 0 68496 2
CI 12 142 32 1
CO 4 131 0 68498 2
CI 12 142 32 1
CO 4 131 0 68500 2
CI 12 142 32 1
CO 4 131 0 68502 2
CI 12 142 32 1
CO 4 131 0 68504 2
CI 12 142 32 1
CO 4 131 0 68506 2
CI 12 142 32 1
CO 4 131 0 68508 2
CI 12 142 32 1
CO 4 131 0 68510 4
CI 12 142 32 1
CO 4 131 0 68514 4
CI 12 142 32 1
CO 4 131 0 68518 4
CI 12 142 32 1
CO 4 131 0 68522 4
CI 12 142 32 1
CO 4 131 0 68526 4
CI 12 142 32 1
CO 4 131 0 68530 4
CI 12 142 32 1
CO 4 131 0 68534 4
CI 12 142 32 1
CO 4 131 0 68538 4
CI 12 142 32 1
CO 4 131 0 68542 4
CI 12 142 32 1
CO 4 131 0 68546 4
CI 12 142 32 1
CO 4 131 0 68550 4
CI 12 142 32 1
CO 4 131 0 68554 4
CI 12 142 32 1
CO 4 131 0 68558 2
CI 12 142 32 1
CI 4 142 7202 2
CO 4 131 0 68560 6
CI 12 142 32 1
CO 4 131 0 68566 6
CI 12 142 32 1
CO 4 131 0 68572 6
CI 12 142 32 1
CO 4 131 0 68578 6
CI 12 142 32 1
CI 4 142 3106 2
CO 4 131 0 68584 2
CI 12 142 32 1
CO 4 131 0 68586 2
CI 12 142 32 1
CO 4 131 0 68588 2
CI 12 142 32 1
CO 4 131 0 68590 2
CI 12 142 32 1
CI 4 398 1570 2
CI 4 398 1826 2
CO 4 131 0 68592 6
CI 12 142 32 1
CO 4 131 0 68598 2
CI 12 142 32 1
CO 4 131 0 68600 6
CI 12 142 32 1
CO 4 131 0 68606 6
CI 12 142 32 1
CO 4 131 0 68612 6
CI 12 142 32 1
CI 4 142 546 2
CO 4 131 0 68618 2
CI 12 142 32 1
CI 4 142 290 2
CO 4 131 0 68620 2
CI 12 142 32 1
CO 4 131 0 68622 2
CI 12 142 32 1
CO 4 131 0 68624 6
CI 12 142 32 1
CI 4 142 1314 2
CO 4 131 0 68630 2
CI 12 142 32 1
CI 4 142 290 2
CO 4 131 0 68632 2
CI 12 142 32 1
CI 4 142 2082 2
CO 4 131 0 68634 2
CI 12 142 32 1
CI 4 142 7714 2
CO 4 131 0 68636 2
CI 12 142 32 1
CI 4 142 7714 2
CO 4 131 0 68638 2
CI 12 142 32 1
CI 4 142 7714 2
CO 4 131 0 68640 2
CI 12 142 32 1
CI 4 142 6946 2
CO 4 131 0 68642 2
CI 12 142 32 1
CI 4 142 290 2
CO 4 131 0 68644 2
CI 12 142 32 1
CO 4 131 0 68646 4
CI 12 142 32 1
CO 4 131 0 68650 4
CI 12 142 32 1
CO 4 131 0 68654 4
CI 12 142 32 1
CI 4 142 5922 2
CO 4 131 0 68658 2
CI 12 142 32 1
CI 4 142 5410 2
CO 4 131 0 68660 2
CI 12 142 32 1
CI 4 142 12322 2
CO 4 131 0 68662 2
CI 12 142 32 1
CI 4 142 14370 2
CO 4 131 0 68664 2
CI 12 142 32 1
CI 4 142 14370 2
CO 4 131 0 68666 2
CI 12 142 32 1
CI 4 142 1570 2
CO 4 131 0 68668 2
CI 12 142 32 1
CI 4 142 4898 2
CO 4 131 0 68670 2
CI 12 142 32 1
CI 4 142 3106 2
CO 4 131 0 68672 2
CI 12 142 32 1
CI 4 142 1058 2
CO 4 131 0 68674 2
CI 12 142 32 1
CI 4 142 13858 2
CO 4 131 0 68676 2
CI 12 142 32 1
CI 4 142 20258 2
CO 4 131 0 68678 2
CI 12 142 32 1
CI 4 142 7714 2
CO 4 131 0 68680 2
CI 12 142 32 1
CI 4 142 4898 2
CO 4 131 0 68682 2
CI 12 142 32 1
CO 4 131 0 68684 4
CI 12 142 32 1
CI 4 142 4642 2
CO 4 131 0 68688 2
CI 12 142 32 1
CI 4 142 28706 2
CO 4 131 0 68690 2
CI 12 142 32 1
CI 4 142 28962 2
CO 4 131 0 68692 2
CI 12 142 32 1
CI 4 142 2082 2
CO 4 131 0 68694 2
CI 12 142 32 1
CI 4 142 290 2
CO 4 131 0 68696 2
CI 12 142 32 1
CO 4 131 0 68698 2
CI 12 142 32 1
CO 4 131 0 68700 2
CI 12 142 32 1
CO 4 131 0 68702 2
CI 12 142 32 1
CO 4 131 0 68704 4
CI 12 142 32 1
CO 4 131 0 68708 4
CI 12 142 32 1
CO 4 131 0 68712 6
CI 12 142 32 1
CO 4 131 0 68718 6
CI 12 142 32 1
CO 4 131 0 68724 2
CI 12 142 32 1
CO 4 131 0 68726 2
CI 12 142 32 1
CI 4 142 546 2
CO 4 131 0 68728 2
CI 12 142 32 1
CO 4 131 0 68730 4
CI 12 142 32 1
CI 4 142 13602 2
CO 4 131 0 68734 2
CI 12 142 32 1
CI 4 142 13602 2
CO 4 131 0 68736 2
CI 12 142 32 1
CI 4 142 12322 2
CO 4 131 0 68738 2
CI 12 142 32 1
CI 4 142 12322 2
CO 4 131 0 68740 2
CI 12 142 32 1
CI 4 142 15138 2
CO 4 131 0 68742 2
CI 12 142 32 1
CI 4 142 15394 2
CO 4 131 0 68744 2
CI 12 142 32 1
CI 4 142 15138 2
CO 4 131 0 68746 2
CI 12 142 32 1
CI 4 142 15394 2
CO 4 131 0 68748 2
CI 12 142 32 1
CI 4 142 15138 2
CO 4 131 0 68750 2
CI 12 142 32 1
CI 4 142 15394 2
CO 4 131 0 68752 2
CI 12 142 32 1
CO 4 131 0 68754 2
CI 12 142 32 1
CI 4 142 1058 2
CO 4 131 0 68756 2
CI 12 142 32 1
CI 4 142 42018 3
CO 4 131 0 68758 6
CI 12 142 32 1
CI 4 142 23074 2
CO 4 131 0 68764 2
CI 12 142 32 1
CI 4 142 23074 2
CO 4 131 0 68766 2
CI 12 142 32 1
CI 4 142 23330 2
CO 4 131 0 68768 2
CI 12 142 32 1
CI 4 142 23330 2
CO 4 131 0 68770 2
CI 12 142 32 1
CO 4 131 0 68772 2
CI 12 142 32 1
CO 4 131 0 68774 2
CI 12 142 32 1
CO 4 131 0 68776 2
CI 12 142 32 1
CO 4 131 0 68778 2
CI 12 142 32 1
CI 4 142 6690 2
CO 4 131 0 68780 2
CI 12 142 32 1
CO 4 131 0 68782 2
CI 12 142 32 1
CO 4 131 0 68784 2
CI 12 142 32 1
CO 4 131 0 68786 2
CI 12 142 32 1
CO 4 131 0 68788 2
CI 12 142 32 1
CO 4 131 0 68790 2
CI 12 142 32 1
CO 4 131 0 68792 2
CI 12 142 32 1
CI 4 142 24866 2
CO 4 131 0 68794 2
CI 12 142 32 1
CI 4 142 24354 2
CO 4 131 0 68796 2
CI 12 142 32 1
CI 4 142 24354 2
CO 4 131 0 68798 2
CI 12 142 32 1
CI 4 142 290 2
CO 4 131 0 68800 2
CI 12 142 32 1
CI 4 142 2594 2
CO 4 131 0 68802 2
CI 12 142 32 1
CO 4 131 0 68804 2
CI 12 142 32 1
CO 4 131 0 68806 2
CI 12 142 32 1
CI 4 142 24354 2
CO 4 131 0 68808 2
CI 12 142 32 1
CO 4 131 0 68810 6
CI 12 142 32 1
CO 4 131 0 68816 6
CI 12 142 32 1
CO 4 131 0 68822 2
CI 12 142 32 1
CI 4 142 41250 2
CO 4 131 0 68824 2
CI 12 142 32 1
CO 4 131 0 68826 6
CI 12 142 32 1
CO 4 131 0 68832 6
CI 12 142 32 1
CO 4 131 0 68838 6
CI 12 142 32 1
CO 4 131 0 68844 6
CI 12 142 32 1
CO 4 131 0 68850 6
CI 12 142 32 1
CI 4 142 2850 2
CO 4 131 0 68856 2
CI 12 142 32 1
CI 4 142 14370 2
CO 4 131 0 68858 2
CI 12 142 32 1
CI 4 142 14114 2
CO 4 131 0 68860 2
CI 12 142 32 1
CO 4 131 0 68862 2
CI 12 142 32 1
CI 4 142 290 2
CO 4 131 0 68864 2
CI 12 142 32 1
CI 4 142 290 2
CO 4 131 0 68866 2
CI 12 142 32 1
CO 4 131 0 68868 6
CI 12 142 32 1
CO 4 131 0 68874 6
CI 12 142 32 1
CI 4 142 11042 2
CO 4 131 0 68880 2
CI 12 142 32 1
CO 4 131 0 68882 2
CI 12 142 32 1
CO 4 131 0 68884 2
CI 12 142 32 1
CO 4 131 0 68886 2
